Selection	View	Channel	Begin Time (s)	End Time (s)	Low Freq (Hz)	High Freq (Hz)	Delta Time (s)	Delta Freq (Hz)	Avg Power Density (dB FS/Hz)	Begin File	label
1	Spectrogram 1	1	4.757346323	5.068138383	0	24000	0.3108	24000	-49.85	All Maybe Montana.wav	1
2	Spectrogram 1	1	5.39734807	6.134807962	0	24000	0.7375	24000	-46.87	All Maybe Montana.wav	1
3	Spectrogram 1	1	9.130696735	9.413862825	0	24000	0.2832	24000	-48.85	All Maybe Montana.wav	1
4	Spectrogram 1	1	19.73338721	20.2361798	0	24000	0.5028	24000	-55.78	All Maybe Montana.wav	1
5	Spectrogram 1	1	22.2933942	22.75352001	0	24000	0.4601	24000	-57.13	All Maybe Montana.wav	1
6	Spectrogram 1	1	36.22409891	36.74822488	0	24000	0.5241	24000	-51.17	All Maybe Montana.wav	1
7	Spectrogram 1	1	37.31210188	37.66556072	0	24000	0.3535	24000	-52.7	All Maybe Montana.wav	1
8	Spectrogram 1	1	37.73876971	38.11356195	0	24000	0.3748	24000	-50.59	All Maybe Montana.wav	1
9	Spectrogram 1	1	39.29612725	39.55857387	0	24000	0.2624	24000	-58.53	All Maybe Montana.wav	1
10	Spectrogram 1	1	40.66144436	41.22823712	0	24000	0.5668	24000	-71.35	All Maybe Montana.wav	1
11	Spectrogram 1	1	56.10681986	56.58827906	0	24000	0.4815	24000	-67.48	All Maybe Montana.wav	1
12	Spectrogram 1	1	59.34952877	59.63269486	0	24000	0.2832	24000	-77.06	All Maybe Montana.wav	1
13	Spectrogram 1	1	126.4856787	127.1164716	0	24000	0.6308	24000	-87.55	All Maybe Montana.wav	1
14	Spectrogram 1	1	128.4270173	128.7378094	0	24000	0.3108	24000	-89.57	All Maybe Montana.wav	1
15	Spectrogram 1	1	132.6296955	132.9404875	0	24000	0.3108	24000	-90.75	All Maybe Montana.wav	1
16	Spectrogram 1	1	135.2323692	135.5431613	0	24000	0.3108	24000	-92.19	All Maybe Montana.wav	1
17	Spectrogram 1	1	197.0992048	197.7086644	0	24000	0.6095	24000	-68.92	All Maybe Montana.wav	1
18	Spectrogram 1	1	201.0885491	202.5031015	0	24000	1.4146	24000	-44.19	All Maybe Montana.wav	1
19	Spectrogram 1	1	206.5926803	206.8758464	0	24000	0.2832	24000	-91.48	All Maybe Montana.wav	1
20	Spectrogram 1	1	320.8757057	321.3143352	0	24000	0.4386	24000	-87.4	All Maybe Montana.wav	1
21	Spectrogram 1	1	572.4392184	572.7223845	0	24000	0.2832	24000	-86.88	All Maybe Montana.wav	1
22	Spectrogram 1	1	638.1674349	638.4506009	0	24000	0.2832	24000	-83.98	All Maybe Montana.wav	1
23	Spectrogram 1	1	1095.17099	1095.481782	0	24000	0.3108	24000	-73.97	All Maybe Montana.wav	1
24	Spectrogram 1	1	1099.971003	1100.281795	0	24000	0.3108	24000	-76.11	All Maybe Montana.wav	1
25	Spectrogram 1	1	1105.176351	1105.487143	0	24000	0.3108	24000	-77.28	All Maybe Montana.wav	1
26	Spectrogram 1	1	1135.853768	1136.16456	0	24000	0.3108	24000	-66.72	All Maybe Montana.wav	1
27	Spectrogram 1	1	1290.948251	1291.359961	0	24000	0.4117	24000	-95.85	All Maybe Montana.wav	1
28	Spectrogram 1	1	1308.974241	1309.285033	0	24000	0.3108	24000	-91.93	All Maybe Montana.wav	1
29	Spectrogram 1	1	1462.106148	1462.474648	0	24000	0.3685	24000	-88.01	All Maybe Montana.wav	1
30	Spectrogram 1	1	1469.146171	1469.514671	0	24000	0.3685	24000	-84.4	All Maybe Montana.wav	1
31	Spectrogram 1	1	1617.882661	1618.166352	0	24000	0.2837	24000	-85.7	All Maybe Montana.wav	1
32	Spectrogram 1	1	1909.957215	1910.268007	0	24000	0.3108	24000	-65.86	All Maybe Montana.wav	1
33	Spectrogram 1	1	1915.354563	1915.665355	0	24000	0.3108	24000	-65.47	All Maybe Montana.wav	1
34	Spectrogram 1	1	1920.581244	1920.892036	0	24000	0.3108	24000	-64.79	All Maybe Montana.wav	1
35	Spectrogram 1	1	1930.821272	1931.132064	0	24000	0.3108	24000	-66.32	All Maybe Montana.wav	1
36	Spectrogram 1	1	2044.357582	2044.668374	0	24000	0.3108	24000	-64.58	All Maybe Montana.wav	1
37	Spectrogram 1	1	2050.309598	2050.68439	0	24000	0.3748	24000	-66.96	All Maybe Montana.wav	1
38	Spectrogram 1	1	2650.737904	2651.048696	0	24000	0.3108	24000	-66.26	All Maybe Montana.wav	1
39	Spectrogram 1	1	2809.116117	2809.387772	0	24000	0.2717	24000	-80.85	All Maybe Montana.wav	1
40	Spectrogram 1	1	2809.606785	2809.921107	0	24000	0.3143	24000	-80.26	All Maybe Montana.wav	1
41	Spectrogram 1	1	2849.863781	2850.174573	0	24000	0.3108	24000	-91.1	All Maybe Montana.wav	1
42	Spectrogram 1	1	3106.781816	3107.092608	0	24000	0.3108	24000	-66.45	All Maybe Montana.wav	1
43	Spectrogram 1	1	3162.653969	3163.114095	0	24000	0.4601	24000	-85.91	All Maybe Montana.wav	1
44	Spectrogram 1	1	3397.918611	3398.229403	0	24000	0.3108	24000	-70.06	All Maybe Montana.wav	1
45	Spectrogram 1	1	3404.169295	3404.480087	0	24000	0.3108	24000	-67.68	All Maybe Montana.wav	1
46	Spectrogram 1	1	3448.777417	3449.152209	0	24000	0.3748	24000	-71.95	All Maybe Montana.wav	1
47	Spectrogram 1	1	3645.065953	3645.376745	0	24000	0.3108	24000	-69.07	All Maybe Montana.wav	1
48	Spectrogram 1	1	3655.969172	3656.401873	0	24000	0.4327	24000	-77.12	All Maybe Montana.wav	1
49	Spectrogram 1	1	3685.044728	3686.119304	0	24000	1.0746	24000	-78.19	All Maybe Montana.wav	1
50	Spectrogram 1	1	3686.388732	3686.872558	0	24000	0.4838	24000	-75.82	All Maybe Montana.wav	1
51	Spectrogram 1	1	3687.028734	3687.48886	0	24000	0.4601	24000	-78.87	All Maybe Montana.wav	1
52	Spectrogram 1	1	3687.818069	3688.192862	0	24000	0.3748	24000	-84.35	All Maybe Montana.wav	1
53	Spectrogram 1	1	3688.394071	3689.515532	0	24000	1.1215	24000	-79.85	All Maybe Montana.wav	1
54	Spectrogram 1	1	3689.652741	3690.027533	0	24000	0.3748	24000	-83.27	All Maybe Montana.wav	1
55	Spectrogram 1	1	3690.378076	3691.179536	0	24000	0.8015	24000	-72.57	All Maybe Montana.wav	1
56	Spectrogram 1	1	3692.255415	3693.035542	0	24000	0.7801	24000	-60.78	All Maybe Montana.wav	1
57	Spectrogram 1	1	3700.895438	3701.526231	0	24000	0.6308	24000	-61.07	All Maybe Montana.wav	1
58	Spectrogram 1	1	3710.15413	3710.507589	0	24000	0.3535	24000	-77.42	All Maybe Montana.wav	1
59	Spectrogram 1	1	3715.594145	3715.990271	0	24000	0.3961	24000	-79.45	All Maybe Montana.wav	1
60	Spectrogram 1	1	3716.042146	3716.480939	0	24000	0.4388	24000	-78.48	All Maybe Montana.wav	1
61	Spectrogram 1	1	3726.090174	3726.400966	0	24000	0.3108	24000	-85.78	All Maybe Montana.wav	1
62	Spectrogram 1	1	3727.647511	3728.295443	0	24000	0.6479	24000	-68.19	All Maybe Montana.wav	1
63	Spectrogram 1	1	3771.956966	3772.267758	0	24000	0.3108	24000	-74.6	All Maybe Montana.wav	1
64	Spectrogram 1	1	3807.797064	3808.600852	0	24000	0.8038	24000	-57.1	All Maybe Montana.wav	1
65	Spectrogram 1	1	3808.927733	3809.319709	0	24000	0.392	24000	-54.94	All Maybe Montana.wav	1
66	Spectrogram 1	1	3809.847213	3810.177195	0	24000	0.33	24000	-57.59	All Maybe Montana.wav	1
67	Spectrogram 1	1	3810.849883	3811.133049	0	24000	0.2832	24000	-71.22	All Maybe Montana.wav	1
68	Spectrogram 1	1	3914.018222	3914.301389	0	24000	0.2832	24000	-75.09	All Maybe Montana.wav	1
69	Spectrogram 1	1	3915.170226	3915.500149	0	24000	0.3299	24000	-76.88	All Maybe Montana.wav	1
70	Spectrogram 1	1	3925.858261	3926.188178	0	24000	0.3299	24000	-75.9	All Maybe Montana.wav	1
71	Spectrogram 1	1	3969.333505	3969.814964	0	24000	0.4815	24000	-87.28	All Maybe Montana.wav	1
72	Spectrogram 1	1	3971.274843	3971.585635	0	24000	0.3108	24000	-86.81	All Maybe Montana.wav	1
73	Spectrogram 1	1	3972.51218	3972.822972	0	24000	0.3108	24000	-88.63	All Maybe Montana.wav	1
74	Spectrogram 1	1	3974.922853	3975.233645	0	24000	0.3108	24000	-85.59	All Maybe Montana.wav	1
75	Spectrogram 1	1	3977.22686	3977.665652	0	24000	0.4388	24000	-87.97	All Maybe Montana.wav	1
76	Spectrogram 1	1	3979.530866	3980.076325	0	24000	0.5455	24000	-89.45	All Maybe Montana.wav	1
77	Spectrogram 1	1	4043.232373	4043.585832	0	24000	0.3535	24000	-57.26	All Maybe Montana.wav	1
78	Spectrogram 1	1	4044.043042	4044.759169	0	24000	0.7161	24000	-68.04	All Maybe Montana.wav	1
79	Spectrogram 1	1	4046.816383	4047.297842	0	24000	0.4815	24000	-84.36	All Maybe Montana.wav	1
80	Spectrogram 1	1	4047.883053	4048.193845	0	24000	0.3108	24000	-80.55	All Maybe Montana.wav	1
81	Spectrogram 1	1	4048.352387	4048.79118	0	24000	0.4388	24000	-84.17	All Maybe Montana.wav	1
82	Spectrogram 1	1	4048.928389	4049.303181	0	24000	0.3748	24000	-89.07	All Maybe Montana.wav	1
83	Spectrogram 1	1	4050.123059	4050.668518	0	24000	0.5455	24000	-88.04	All Maybe Montana.wav	1
84	Spectrogram 1	1	4051.424396	4051.927188	0	24000	0.5028	24000	-85.84	All Maybe Montana.wav	1
85	Spectrogram 1	1	4052.149731	4052.75919	0	24000	0.6095	24000	-85.55	All Maybe Montana.wav	1
86	Spectrogram 1	1	4053.067067	4053.804527	0	24000	0.7375	24000	-80.97	All Maybe Montana.wav	1
87	Spectrogram 1	1	4054.965739	4055.703198	0	24000	0.7375	24000	-73.69	All Maybe Montana.wav	1
88	Spectrogram 1	1	4056.160408	4056.876535	0	24000	0.7161	24000	-68.4	All Maybe Montana.wav	1
89	Spectrogram 1	1	4057.035078	4057.644537	0	24000	0.6095	24000	-72.65	All Maybe Montana.wav	1
90	Spectrogram 1	1	4057.824413	4058.199205	0	24000	0.3748	24000	-68.83	All Maybe Montana.wav	1
91	Spectrogram 1	1	4058.293748	4058.945874	0	24000	0.6521	24000	-63.33	All Maybe Montana.wav	1
92	Spectrogram 1	1	4059.083083	4059.500542	0	24000	0.4175	24000	-66.55	All Maybe Montana.wav	1
93	Spectrogram 1	1	4059.637751	4059.948543	0	24000	0.3108	24000	-67.01	All Maybe Montana.wav	1
94	Spectrogram 1	1	4060.725754	4061.352539	0	24000	0.6268	24000	-70.57	All Maybe Montana.wav	1
95	Spectrogram 1	1	4061.45109	4061.996549	0	24000	0.5455	24000	-72.5	All Maybe Montana.wav	1
96	Spectrogram 1	1	4062.219092	4063.148552	0	24000	0.9295	24000	-72.98	All Maybe Montana.wav	1
97	Spectrogram 1	1	4065.0991	4065.537892	0	24000	0.4388	24000	-81.86	All Maybe Montana.wav	1
98	Spectrogram 1	1	4068.171108	4068.4819	0	24000	0.3108	24000	-86.64	All Maybe Montana.wav	1
99	Spectrogram 1	1	4069.109777	4069.527236	0	24000	0.4175	24000	-91.24	All Maybe Montana.wav	1
100	Spectrogram 1	1	4074.827126	4075.585919	0	24000	0.7588	24000	-92.14	All Maybe Montana.wav	1
101	Spectrogram 1	1	4076.448464	4077.057923	0	24000	0.6095	24000	-90.85	All Maybe Montana.wav	1
102	Spectrogram 1	1	4078.048468	4078.465927	0	24000	0.4175	24000	-91.43	All Maybe Montana.wav	1
103	Spectrogram 1	1	4078.88047	4079.191263	0	24000	0.3108	24000	-91.52	All Maybe Montana.wav	1
104	Spectrogram 1	1	4079.88314	4080.257932	0	24000	0.3748	24000	-92.06	All Maybe Montana.wav	1
105	Spectrogram 1	1	4244.515311	4245.250383	0	24000	0.7351	24000	-65.78	All Maybe Montana.wav	1
106	Spectrogram 1	1	4246.219594	4246.573053	0	24000	0.3535	24000	-57.46	All Maybe Montana.wav	1
107	Spectrogram 1	1	4247.542264	4248.151724	0	24000	0.6095	24000	-57.85	All Maybe Montana.wav	1
108	Spectrogram 1	1	4251.275608	4251.5864	0	24000	0.3108	24000	-69.16	All Maybe Montana.wav	1
109	Spectrogram 1	1	4274.806339	4275.117131	0	24000	0.3108	24000	-75.32	All Maybe Montana.wav	1
110	Spectrogram 1	1	4292.42772	4292.756346	0	24000	0.3286	24000	-78.31	All Maybe Montana.wav	1
111	Spectrogram 1	1	4294.648809	4294.931975	0	24000	0.2832	24000	-67.3	All Maybe Montana.wav	1
112	Spectrogram 1	1	4302.795749	4303.42267	0	24000	0.6269	24000	-71.55	All Maybe Montana.wav	1
113	Spectrogram 1	1	4446.947977	4447.252847	0	24000	0.3049	24000	-61.9	All Maybe Montana.wav	1
114	Spectrogram 1	1	4541.604289	4541.909153	0	24000	0.3049	24000	-53.97	All Maybe Montana.wav	1
115	Spectrogram 1	1	4654.050041	4654.360833	0	24000	0.3108	24000	-75.2	All Maybe Montana.wav	1
116	Spectrogram 1	1	4654.948662	4655.445162	0	24000	0.4965	24000	-69.27	All Maybe Montana.wav	1
117	Spectrogram 1	1	4658.060719	4658.478178	0	24000	0.4175	24000	-74.16	All Maybe Montana.wav	1
118	Spectrogram 1	1	4660.642059	4660.952851	0	24000	0.3108	24000	-71.33	All Maybe Montana.wav	1
119	Spectrogram 1	1	4663.650067	4664.024859	0	24000	0.3748	24000	-83.38	All Maybe Montana.wav	1
120	Spectrogram 1	1	4666.700742	4667.288868	0	24000	0.5881	24000	-79.96	All Maybe Montana.wav	1
121	Spectrogram 1	1	4744.866289	4745.177081	0	24000	0.3108	24000	-67.05	All Maybe Montana.wav	1
122	Spectrogram 1	1	4770.149042	4770.432208	0	24000	0.2832	24000	-65.3	All Maybe Montana.wav	1
123	Spectrogram 1	1	4777.805046	4778.368234	0	24000	0.5632	24000	-69.05	All Maybe Montana.wav	1
124	Spectrogram 1	1	4809.103573	4809.366019	0	24000	0.2624	24000	-69.86	All Maybe Montana.wav	1
125	Spectrogram 1	1	4811.00251	4811.285676	0	24000	0.2832	24000	-78.97	All Maybe Montana.wav	1
126	Spectrogram 1	1	4813.28492	4813.63235	0	24000	0.3474	24000	-58.9	All Maybe Montana.wav	1
127	Spectrogram 1	1	4815.802525	4816.085691	0	24000	0.2832	24000	-70.14	All Maybe Montana.wav	1
128	Spectrogram 1	1	4817.4236	4817.728364	0	24000	0.3048	24000	-77.79	All Maybe Montana.wav	1
129	Spectrogram 1	1	4822.031615	4822.336379	0	24000	0.3048	24000	-84.31	All Maybe Montana.wav	1
130	Spectrogram 1	1	4826.767895	4827.051061	0	24000	0.2832	24000	-85.8	All Maybe Montana.wav	1
131	Spectrogram 1	1	4835.493257	4835.81909	0	24000	0.3258	24000	-73.63	All Maybe Montana.wav	1
132	Spectrogram 1	1	5000.869801	5001.152968	0	24000	0.2832	24000	-71.12	All Maybe Montana.wav	1
133	Spectrogram 1	1	5263.099998	5263.409698	0	24000	0.3097	24000	-67.18	All Maybe Montana.wav	1
134	Spectrogram 1	1	5315.25718	5315.567972	0	24000	0.3108	24000	-65.35	All Maybe Montana.wav	1
135	Spectrogram 1	1	5612.836659	5613.42165	0	24000	0.585	24000	-62.63	All Maybe Montana.wav	1
136	Spectrogram 1	1	5621.71135	5622.022142	0	24000	0.3108	24000	-74.39	All Maybe Montana.wav	1
137	Spectrogram 1	1	5622.351352	5622.662144	0	24000	0.3108	24000	-57.45	All Maybe Montana.wav	1
138	Spectrogram 1	1	5624.612691	5624.96615	0	24000	0.3535	24000	-51.58	All Maybe Montana.wav	1
139	Spectrogram 1	1	5625.082026	5625.392818	0	24000	0.3108	24000	-50.22	All Maybe Montana.wav	1
140	Spectrogram 1	1	6025.360452	6025.671244	0	24000	0.3108	24000	-68.7	All Maybe Montana.wav	1
141	Spectrogram 1	1	6026.448455	6026.867542	0	24000	0.4191	24000	-60.95	All Maybe Montana.wav	1
142	Spectrogram 1	1	6495.953737	6496.328529	0	24000	0.3748	24000	-63.79	All Maybe Montana.wav	1
143	Spectrogram 1	1	6498.215076	6498.740681	0	24000	0.5256	24000	-61.34	All Maybe Montana.wav	1
144	Spectrogram 1	1	6499.562737	6499.931494	0	24000	0.3688	24000	-65.15	All Maybe Montana.wav	1
145	Spectrogram 1	1	6504.764428	6506.122032	0	24000	1.3576	24000	-65.59	All Maybe Montana.wav	1
146	Spectrogram 1	1	6506.215098	6507.165892	0	24000	0.9508	24000	-61.78	All Maybe Montana.wav	1
147	Spectrogram 1	1	6507.322381	6507.850037	0	24000	0.5277	24000	-62.89	All Maybe Montana.wav	1
148	Spectrogram 1	1	6508.309075	6508.784599	0	24000	0.4755	24000	-62.26	All Maybe Montana.wav	1
149	Spectrogram 1	1	6517.013461	6517.296627	0	24000	0.2832	24000	-66.86	All Maybe Montana.wav	1
150	Spectrogram 1	1	6517.607129	6517.957963	0	24000	0.3508	24000	-68.64	All Maybe Montana.wav	1
151	Spectrogram 1	1	6518.954443	6519.40889	0	24000	0.4544	24000	-65.46	All Maybe Montana.wav	1
152	Spectrogram 1	1	6536.849849	6537.160641	0	24000	0.3108	24000	-55.29	All Maybe Montana.wav	1
153	Spectrogram 1	1	6544.956537	6545.267329	0	24000	0.3108	24000	-70.06	All Maybe Montana.wav	1
154	Spectrogram 1	1	6545.383205	6545.907331	0	24000	0.5241	24000	-67.4	All Maybe Montana.wav	1
155	Spectrogram 1	1	6562.769919	6563.806047	0	24000	1.0361	24000	-54.39	All Maybe Montana.wav	1
156	Spectrogram 1	1	6566.844597	6567.155389	0	24000	0.3108	24000	-54.31	All Maybe Montana.wav	1
157	Spectrogram 1	1	6567.420599	6568.648727	0	24000	1.2281	24000	-53.08	All Maybe Montana.wav	1
158	Spectrogram 1	1	6569.536301	6569.81972	0	24000	0.2834	24000	-89.96	All Maybe Montana.wav	1
159	Spectrogram 1	1	6589.013698	6589.339531	0	24000	0.3258	24000	-66.09	All Maybe Montana.wav	1
160	Spectrogram 1	1	6591.057997	6591.368789	0	24000	0.3108	24000	-71.01	All Maybe Montana.wav	1
161	Spectrogram 1	1	6591.377997	6591.774123	0	24000	0.3961	24000	-86.97	All Maybe Montana.wav	1
162	Spectrogram 1	1	6659.708851	6660.170404	0	24000	0.4616	24000	-67.87	All Maybe Montana.wav	1
163	Spectrogram 1	1	6660.882187	6661.192979	0	24000	0.3108	24000	-80.98	All Maybe Montana.wav	1
164	Spectrogram 1	1	6661.266188	6661.57698	0	24000	0.3108	24000	-79.2	All Maybe Montana.wav	1
165	Spectrogram 1	1	6661.607522	6663.04644	0	24000	1.4389	24000	-82.73	All Maybe Montana.wav	1
166	Spectrogram 1	1	6663.058193	6663.368985	0	24000	0.3108	24000	-83.17	All Maybe Montana.wav	1
167	Spectrogram 1	1	6663.442194	6663.814443	0	24000	0.3722	24000	-83.42	All Maybe Montana.wav	1
168	Spectrogram 1	1	6663.847529	6664.198444	0	24000	0.3509	24000	-82.73	All Maybe Montana.wav	1
169	Spectrogram 1	1	6664.252863	6664.563655	0	24000	0.3108	24000	-82.96	All Maybe Montana.wav	1
170	Spectrogram 1	1	6664.658197	6665.030447	0	24000	0.3723	24000	-83.22	All Maybe Montana.wav	1
171	Spectrogram 1	1	6665.084865	6665.435781	0	24000	0.3509	24000	-82.33	All Maybe Montana.wav	1
172	Spectrogram 1	1	6665.530763	6665.86245	0	24000	0.3317	24000	-81.51	All Maybe Montana.wav	1
173	Spectrogram 1	1	6665.978764	6666.310451	0	24000	0.3317	24000	-81.23	All Maybe Montana.wav	1
174	Spectrogram 1	1	6666.428869	6666.824995	0	24000	0.3961	24000	-81.84	All Maybe Montana.wav	1
175	Spectrogram 1	1	6666.94087	6667.315663	0	24000	0.3748	24000	-81.3	All Maybe Montana.wav	1
176	Spectrogram 1	1	6667.495539	6667.870331	0	24000	0.3748	24000	-81.99	All Maybe Montana.wav	1
177	Spectrogram 1	1	6668.048102	6668.401125	0	24000	0.353	24000	-82.98	All Maybe Montana.wav	1
178	Spectrogram 1	1	6668.624104	6669.001001	0	24000	0.3769	24000	-82.48	All Maybe Montana.wav	1
179	Spectrogram 1	1	6669.20221	6669.574462	0	24000	0.3723	24000	-82.56	All Maybe Montana.wav	1
180	Spectrogram 1	1	6669.86144	6670.197095	0	24000	0.3357	24000	-81.3	All Maybe Montana.wav	1
181	Spectrogram 1	1	6670.546214	6670.897381	0	24000	0.3512	24000	-82.27	All Maybe Montana.wav	1
182	Spectrogram 1	1	6671.228882	6671.603674	0	24000	0.3748	24000	-82.14	All Maybe Montana.wav	1
183	Spectrogram 1	1	6671.930778	6672.307676	0	24000	0.3769	24000	-81.03	All Maybe Montana.wav	1
184	Spectrogram 1	1	6672.72222	6673.055769	0	24000	0.3335	24000	-80.59	All Maybe Montana.wav	1
185	Spectrogram 1	1	6675.386787	6675.889397	0	24000	0.5026	24000	-72.08	All Maybe Montana.wav	1
186	Spectrogram 1	1	6676.224652	6677.065023	0	24000	0.8404	24000	-64.89	All Maybe Montana.wav	1
187	Spectrogram 1	1	6679.50413	6680.010452	0	24000	0.5063	24000	-62.15	All Maybe Montana.wav	1
188	Spectrogram 1	1	6680.810967	6681.691835	0	24000	0.8809	24000	-67.74	All Maybe Montana.wav	1
189	Spectrogram 1	1	6682.53558	6682.846372	0	24000	0.3108	24000	-83.28	All Maybe Montana.wav	1
190	Spectrogram 1	1	6772.178491	6772.638617	0	24000	0.4601	24000	-77.79	All Maybe Montana.wav	1
191	Spectrogram 1	1	6783.019298	6783.324411	0	24000	0.3051	24000	-65.05	All Maybe Montana.wav	1
192	Spectrogram 1	1	6801.110023	6801.414896	0	24000	0.3049	24000	-86.33	All Maybe Montana.wav	1
193	Spectrogram 1	1	6808.854422	6809.137588	0	24000	0.2832	24000	-67.76	All Maybe Montana.wav	1
194	Spectrogram 1	1	6809.238049	6809.564256	0	24000	0.3262	24000	-68.19	All Maybe Montana.wav	1
195	Spectrogram 1	1	6855.762719	6856.073511	0	24000	0.3108	24000	-63.87	All Maybe Montana.wav	1
196	Spectrogram 1	1	6857.387915	6857.671081	0	24000	0.2832	24000	-58.79	All Maybe Montana.wav	1
197	Spectrogram 1	1	6857.960059	6858.35375	0	24000	0.3937	24000	-56.41	All Maybe Montana.wav	1
198	Spectrogram 1	1	6858.642727	6859.399087	0	24000	0.7564	24000	-55.51	All Maybe Montana.wav	1
199	Spectrogram 1	1	6866.130748	6866.612207	0	24000	0.4815	24000	-79.09	All Maybe Montana.wav	1
200	Spectrogram 1	1	6868.09342	6868.593784	0	24000	0.5004	24000	-64.92	All Maybe Montana.wav	1
201	Spectrogram 1	1	6868.925422	6869.342881	0	24000	0.4175	24000	-63.66	All Maybe Montana.wav	1
202	Spectrogram 1	1	6956.588242	6956.914075	0	24000	0.3258	24000	-70.47	All Maybe Montana.wav	1
203	Spectrogram 1	1	6983.041662	6983.325059	0	24000	0.2834	24000	-81.01	All Maybe Montana.wav	1
204	Spectrogram 1	1	6988.011962	6988.274408	0	24000	0.2624	24000	-95.07	All Maybe Montana.wav	1
205	Spectrogram 1	1	6988.609297	6988.91441	0	24000	0.3051	24000	-95.56	All Maybe Montana.wav	1
206	Spectrogram 1	1	7164.072894	7164.491622	0	24000	0.4187	24000	-82.46	All Maybe Montana.wav	1
207	Spectrogram 1	1	7176.130298	7176.520351	0	24000	0.3901	24000	-63	All Maybe Montana.wav	1
208	Spectrogram 1	1	7252.247484	7252.872383	0	24000	0.6249	24000	-76.9	All Maybe Montana.wav	1
209	Spectrogram 1	1	7293.484951	7311.560788	0	24000	18.0758	24000	-58.04	All Maybe Montana.wav	1
210	Spectrogram 1	1	7311.639676	7316.232591	0	24000	4.5929	24000	-48.86	All Maybe Montana.wav	1
211	Spectrogram 1	1	7316.269025	7317.02214	0	24000	0.7531	24000	-56.28	All Maybe Montana.wav	1
212	Spectrogram 1	1	7317.250361	7317.576808	0	24000	0.3264	24000	-61.21	All Maybe Montana.wav	1
213	Spectrogram 1	1	7320.019987	7320.541939	0	24000	0.522	24000	-60.17	All Maybe Montana.wav	1
214	Spectrogram 1	1	7325.460002	7325.960623	0	24000	0.5006	24000	-75.43	All Maybe Montana.wav	1
215	Spectrogram 1	1	7331.074406	7331.464641	0	24000	0.3902	24000	-82.78	All Maybe Montana.wav	1
216	Spectrogram 1	1	7332.503744	7333.281363	0	24000	0.7776	24000	-67.89	All Maybe Montana.wav	1
217	Spectrogram 1	1	7366.441447	7366.984758	0	24000	0.5433	24000	-53.79	All Maybe Montana.wav	1
218	Spectrogram 1	1	7378.861227	7379.701608	0	24000	0.8404	24000	-64.75	All Maybe Montana.wav	1
219	Spectrogram 1	1	7380.440304	7380.72347	0	24000	0.2832	24000	-69.39	All Maybe Montana.wav	1
220	Spectrogram 1	1	7410.711997	7410.974444	0	24000	0.2624	24000	-89.83	All Maybe Montana.wav	1
221	Spectrogram 1	1	7414.189342	7414.515789	0	24000	0.3264	24000	-63.42	All Maybe Montana.wav	1
222	Spectrogram 1	1	7417.219092	7417.694466	0	24000	0.4754	24000	-86.76	All Maybe Montana.wav	1
223	Spectrogram 1	1	7421.7627	7422.025146	0	24000	0.2624	24000	-89.75	All Maybe Montana.wav	1
224	Spectrogram 1	1	7425.197377	7425.566285	0	24000	0.3689	24000	-88.27	All Maybe Montana.wav	1
225	Spectrogram 1	1	7427.139125	7432.265179	0	24000	5.1261	24000	-69.61	All Maybe Montana.wav	1
226	Spectrogram 1	1	7432.81381	7433.310516	0	24000	0.4967	24000	-72.2	All Maybe Montana.wav	1
227	Spectrogram 1	1	7433.709813	7434.227852	0	24000	0.518	24000	-64.65	All Maybe Montana.wav	1
228	Spectrogram 1	1	7434.797408	7435.059855	0	24000	0.2624	24000	-68.23	All Maybe Montana.wav	1
229	Spectrogram 1	1	7435.267151	7450.057032	0	24000	14.7899	24000	-50.82	All Maybe Montana.wav	1
230	Spectrogram 1	1	7450.179201	7450.739906	0	24000	0.5607	24000	-56.65	All Maybe Montana.wav	1
231	Spectrogram 1	1	7451.011203	7451.294369	0	24000	0.2832	24000	-59.11	All Maybe Montana.wav	1
232	Spectrogram 1	1	7453.417684	7453.857654	0	24000	0.44	24000	-68.53	All Maybe Montana.wav	1
233	Spectrogram 1	1	7455.320142	7455.689255	0	24000	0.3691	24000	-64.55	All Maybe Montana.wav	1
234	Spectrogram 1	1	7456.319026	7456.649258	0	24000	0.3302	24000	-54.56	All Maybe Montana.wav	1
235	Spectrogram 1	1	7456.685889	7456.969055	0	24000	0.2832	24000	-58.17	All Maybe Montana.wav	1
236	Spectrogram 1	1	7457.325891	7457.61233	0	24000	0.2864	24000	-60.78	All Maybe Montana.wav	1
237	Spectrogram 1	1	7460.628371	7461.214402	0	24000	0.586	24000	-67.68	All Maybe Montana.wav	1
238	Spectrogram 1	1	7462.658832	7463.134408	0	24000	0.4756	24000	-62.27	All Maybe Montana.wav	1
239	Spectrogram 1	1	7465.112583	7476.851787	0	24000	11.7392	24000	-42.61	All Maybe Montana.wav	1
240	Spectrogram 1	1	7477.123289	7477.66266	0	24000	0.5394	24000	-46.91	All Maybe Montana.wav	1
241	Spectrogram 1	1	7478.274883	7478.643996	0	24000	0.3691	24000	-41.72	All Maybe Montana.wav	1
242	Spectrogram 1	1	7479.363297	7479.646463	0	24000	0.2832	24000	-63.96	All Maybe Montana.wav	1
243	Spectrogram 1	1	7496.98047	7497.417188	0	24000	0.4367	24000	-58.04	All Maybe Montana.wav	1
244	Spectrogram 1	1	7497.923358	7499.019267	0	24000	1.0959	24000	-54.52	All Maybe Montana.wav	1
245	Spectrogram 1	1	7499.182029	7499.699862	0	24000	0.5178	24000	-56.19	All Maybe Montana.wav	1
246	Spectrogram 1	1	7499.736697	7500.019863	0	24000	0.2832	24000	-49.87	All Maybe Montana.wav	1
247	Spectrogram 1	1	7500.376699	7500.979866	0	24000	0.6032	24000	-51.82	All Maybe Montana.wav	1
248	Spectrogram 1	1	7501.934038	7502.36674	0	24000	0.4327	24000	-53.9	All Maybe Montana.wav	1
249	Spectrogram 1	1	7503.021629	7503.475875	0	24000	0.4542	24000	-63.02	All Maybe Montana.wav	1
250	Spectrogram 1	1	7506.350052	7506.633218	0	24000	0.2832	24000	-88.24	All Maybe Montana.wav	1
251	Spectrogram 1	1	7507.181643	7507.444089	0	24000	0.2624	24000	-86.07	All Maybe Montana.wav	1
252	Spectrogram 1	1	7510.189653	7510.452099	0	24000	0.2624	24000	-90.98	All Maybe Montana.wav	1
253	Spectrogram 1	1	7510.830067	7511.262567	0	24000	0.4325	24000	-58.46	All Maybe Montana.wav	1
254	Spectrogram 1	1	7524.543212	7524.918004	0	24000	0.3748	24000	-57.56	All Maybe Montana.wav	1
255	Spectrogram 1	1	7525.545881	7525.856673	0	24000	0.3108	24000	-63.09	All Maybe Montana.wav	1
256	Spectrogram 1	1	7526.655218	7527.006619	0	24000	0.3514	24000	-70.86	All Maybe Montana.wav	1
257	Spectrogram 1	1	7540.227497	7540.510863	0	24000	0.2834	24000	-68.34	All Maybe Montana.wav	1
258	Spectrogram 1	1	7549.628898	7550.155407	0	24000	0.5265	24000	-69.7	All Maybe Montana.wav	1
259	Spectrogram 1	1	7559.975589	7560.480768	0	24000	0.5052	24000	-71.79	All Maybe Montana.wav	1
260	Spectrogram 1	1	7562.072902	7562.420069	0	24000	0.3472	24000	-76.72	All Maybe Montana.wav	1
261	Spectrogram 1	1	7566.616502	7567.287262	0	24000	0.6708	24000	-60.8	All Maybe Montana.wav	1
262	Spectrogram 1	1	7580.031364	7580.87549	0	24000	0.8441	24000	-76.82	All Maybe Montana.wav	1
263	Spectrogram 1	1	7581.546034	7582.324134	0	24000	0.7781	24000	-72.98	All Maybe Montana.wav	1
264	Spectrogram 1	1	7583.871374	7584.182166	0	24000	0.3108	24000	-83.57	All Maybe Montana.wav	1
265	Spectrogram 1	1	7584.664977	7584.951304	0	24000	0.2863	24000	-89.95	All Maybe Montana.wav	1
266	Spectrogram 1	1	7594.64901	7595.595531	0	24000	0.9465	24000	-82.4	All Maybe Montana.wav	1
267	Spectrogram 1	1	7596.714076	7597.086849	0	24000	0.3728	24000	-90.2	All Maybe Montana.wav	1
268	Spectrogram 1	1	7657.983576	7658.401035	0	24000	0.4175	24000	-78.2	All Maybe Montana.wav	1
269	Spectrogram 1	1	7659.754248	7660.107707	0	24000	0.3535	24000	-86.22	All Maybe Montana.wav	1
270	Spectrogram 1	1	7665.30093	7665.739722	0	24000	0.4388	24000	-70.62	All Maybe Montana.wav	1
271	Spectrogram 1	1	7669.379922	7669.663088	0	24000	0.2832	24000	-82.65	All Maybe Montana.wav	1
272	Spectrogram 1	1	7686.489312	7686.772478	0	24000	0.2832	24000	-63.64	All Maybe Montana.wav	1
273	Spectrogram 1	1	7688.963987	7689.247153	0	24000	0.2832	24000	-66.64	All Maybe Montana.wav	1
274	Spectrogram 1	1	7690.538332	7691.361125	0	24000	0.8228	24000	-68.11	All Maybe Montana.wav	1
275	Spectrogram 1	1	7692.906338	7693.21713	0	24000	0.3108	24000	-80.85	All Maybe Montana.wav	1
276	Spectrogram 1	1	7701.290361	7702.025862	0	24000	0.7355	24000	-82.81	All Maybe Montana.wav	1
277	Spectrogram 1	1	7702.719699	7703.030491	0	24000	0.3108	24000	-84.79	All Maybe Montana.wav	1
278	Spectrogram 1	1	7704.533037	7705.012538	0	24000	0.4795	24000	-76.06	All Maybe Montana.wav	1
279	Spectrogram 1	1	7709.188053	7709.47122	0	24000	0.2832	24000	-61.38	All Maybe Montana.wav	1
280	Spectrogram 1	1	7709.486721	7710.07051	0	24000	0.5838	24000	-65.29	All Maybe Montana.wav	1
281	Spectrogram 1	1	7710.10539	7710.943415	0	24000	0.838	24000	-65.36	All Maybe Montana.wav	1
282	Spectrogram 1	1	7718.40366	7718.666107	0	24000	0.2624	24000	-83.57	All Maybe Montana.wav	1
283	Spectrogram 1	1	7739.246394	7739.572652	0	24000	0.3263	24000	-94.16	All Maybe Montana.wav	1
284	Spectrogram 1	1	7785.07097	7785.354136	0	24000	0.2832	24000	-86.13	All Maybe Montana.wav	1
285	Spectrogram 1	1	7787.797264	7788.81313	0	24000	1.0159	24000	-79.19	All Maybe Montana.wav	1
286	Spectrogram 1	1	7820.672021	7821.301106	0	24000	0.6291	24000	-79.01	All Maybe Montana.wav	1
287	Spectrogram 1	1	7974.613774	7975.244567	0	24000	0.6308	24000	-72.33	All Maybe Montana.wav	1
288	Spectrogram 1	1	7975.445777	7976.20457	0	24000	0.7588	24000	-82.81	All Maybe Montana.wav	1
289	Spectrogram 1	1	7985.732526	7986.037639	0	24000	0.3051	24000	-60.29	All Maybe Montana.wav	1
290	Spectrogram 1	1	7986.112472	7986.506974	0	24000	0.3945	24000	-62.78	All Maybe Montana.wav	1
291	Spectrogram 1	1	7990.016483	7990.583276	0	24000	0.5668	24000	-88.61	All Maybe Montana.wav	1
292	Spectrogram 1	1	7991.083153	7991.712149	0	24000	0.629	24000	-83.12	All Maybe Montana.wav	1
293	Spectrogram 1	1	7997.871232	7998.327297	0	24000	0.4561	24000	-82.66	All Maybe Montana.wav	1
294	Spectrogram 1	1	8000.431679	8000.714845	0	24000	0.2832	24000	-88.72	All Maybe Montana.wav	1
295	Spectrogram 1	1	8001.647244	8002.378851	0	24000	0.7316	24000	-92.92	All Maybe Montana.wav	1
296	Spectrogram 1	1	8007.29653	8007.777989	0	24000	0.4815	24000	-87.19	All Maybe Montana.wav	1
297	Spectrogram 1	1	8064.282556	8064.844812	0	24000	0.5623	24000	-87.69	All Maybe Montana.wav	1
298	Spectrogram 1	1	8065.771356	8066.252816	0	24000	0.4815	24000	-77.84	All Maybe Montana.wav	1
299	Spectrogram 1	1	8070.806037	8071.116829	0	24000	0.3108	24000	-74.31	All Maybe Montana.wav	1
300	Spectrogram 1	1	8071.531372	8071.842164	0	24000	0.3108	24000	-78.12	All Maybe Montana.wav	1
301	Spectrogram 1	1	8074.454047	8075.34084	0	24000	0.8868	24000	-81.91	All Maybe Montana.wav	1
302	Spectrogram 1	1	8076.587386	8077.687514	0	24000	1.1001	24000	-70.21	All Maybe Montana.wav	1
303	Spectrogram 1	1	8077.718056	8078.304434	0	24000	0.5864	24000	-71.43	All Maybe Montana.wav	1
304	Spectrogram 1	1	8078.400724	8079.522185	0	24000	1.1215	24000	-82.13	All Maybe Montana.wav	1
305	Spectrogram 1	1	8079.638061	8080.331107	0	24000	0.693	24000	-85.41	All Maybe Montana.wav	1
306	Spectrogram 1	1	8081.214181	8082.039525	0	24000	0.8253	24000	-88.86	All Maybe Montana.wav	1
307	Spectrogram 1	1	8083.286071	8083.597842	0	24000	0.3118	24000	-75.36	All Maybe Montana.wav	1
308	Spectrogram 1	1	8083.840739	8084.194198	0	24000	0.3535	24000	-86.28	All Maybe Montana.wav	1
309	Spectrogram 1	1	8084.886075	8085.261846	0	24000	0.3758	24000	-80.3	All Maybe Montana.wav	1
310	Spectrogram 1	1	8124.28885	8124.599642	0	24000	0.3108	24000	-85.87	All Maybe Montana.wav	1
311	Spectrogram 1	1	8125.888854	8126.60498	0	24000	0.7161	24000	-90.8	All Maybe Montana.wav	1
312	Spectrogram 1	1	8127.424858	8127.73565	0	24000	0.3108	24000	-95.01	All Maybe Montana.wav	1
313	Spectrogram 1	1	8129.003529	8129.506322	0	24000	0.5028	24000	-91.61	All Maybe Montana.wav	1
314	Spectrogram 1	1	8130.259633	8130.892992	0	24000	0.6334	24000	-88.88	All Maybe Montana.wav	1
315	Spectrogram 1	1	8131.204997	8132.770331	0	24000	1.5653	24000	-81.36	All Maybe Montana.wav	1
316	Spectrogram 1	1	8137.384984	8137.656639	0	24000	0.2717	24000	-90.41	All Maybe Montana.wav	1
317	Spectrogram 1	1	8137.75022	8138.061012	0	24000	0.3108	24000	-83.87	All Maybe Montana.wav	1
318	Spectrogram 1	1	8152.128926	8152.715346	0	24000	0.5864	24000	-71.95	All Maybe Montana.wav	1
319	Spectrogram 1	1	8155.627602	8156.06735	0	24000	0.4397	24000	-74.54	All Maybe Montana.wav	1
320	Spectrogram 1	1	8159.535755	8159.926202	0	24000	0.3904	24000	-62.48	All Maybe Montana.wav	1
321	Spectrogram 1	1	8164.438293	8164.749085	0	24000	0.3108	24000	-87.55	All Maybe Montana.wav	1
322	Spectrogram 1	1	8165.334295	8165.730421	0	24000	0.3961	24000	-81.27	All Maybe Montana.wav	1
323	Spectrogram 1	1	8192.598369	8193.165162	0	24000	0.5668	24000	-78.48	All Maybe Montana.wav	1
324	Spectrogram 1	1	8193.494372	8194.018498	0	24000	0.5241	24000	-91.98	All Maybe Montana.wav	1
325	Spectrogram 1	1	8195.37171	8195.682502	0	24000	0.3108	24000	-86.09	All Maybe Montana.wav	1
326	Spectrogram 1	1	8195.905045	8196.365171	0	24000	0.4601	24000	-84.84	All Maybe Montana.wav	1
327	Spectrogram 1	1	8196.865048	8197.474507	0	24000	0.6095	24000	-90.3	All Maybe Montana.wav	1
328	Spectrogram 1	1	8197.907797	8199.350166	0	24000	1.4424	24000	-87.57	All Maybe Montana.wav	1
329	Spectrogram 1	1	8202.177062	8202.530521	0	24000	0.3535	24000	-85.6	All Maybe Montana.wav	1
330	Spectrogram 1	1	8215.361098	8215.67189	0	24000	0.3108	24000	-90.3	All Maybe Montana.wav	1
331	Spectrogram 1	1	8237.488008	8238.029285	0	24000	0.5413	24000	-76.28	All Maybe Montana.wav	1
332	Spectrogram 1	1	8240.363833	8241.165293	0	24000	0.8015	24000	-81.76	All Maybe Montana.wav	1
333	Spectrogram 1	1	8241.558503	8242.166307	0	24000	0.6078	24000	-86.69	All Maybe Montana.wav	1
334	Spectrogram 1	1	8243.713176	8245.067811	0	24000	1.3546	24000	-85.43	All Maybe Montana.wav	1
335	Spectrogram 1	1	8245.142513	8245.55848	0	24000	0.416	24000	-87.96	All Maybe Montana.wav	1
336	Spectrogram 1	1	8245.594701	8246.285307	0	24000	0.6906	24000	-83.33	All Maybe Montana.wav	1
337	Spectrogram 1	1	8250.838528	8251.297004	0	24000	0.4585	24000	-87.15	All Maybe Montana.wav	1
338	Spectrogram 1	1	8256.66719	8256.950356	0	24000	0.2832	24000	-92.24	All Maybe Montana.wav	1
339	Spectrogram 1	1	8294.529314	8294.92544	0	24000	0.3961	24000	-75.87	All Maybe Montana.wav	1
340	Spectrogram 1	1	8306.31002	8306.978806	0	24000	0.6688	24000	-64.67	All Maybe Montana.wav	1
341	Spectrogram 1	1	8307.078022	8307.361188	0	24000	0.2832	24000	-64.36	All Maybe Montana.wav	1
342	Spectrogram 1	1	8308.65202	8309.133479	0	24000	0.4815	24000	-85.16	All Maybe Montana.wav	1
343	Spectrogram 1	1	8337.452098	8337.76289	0	24000	0.3108	24000	-89.31	All Maybe Montana.wav	1
344	Spectrogram 1	1	8338.412101	8338.808227	0	24000	0.3961	24000	-72.05	All Maybe Montana.wav	1
345	Spectrogram 1	1	8340.677675	8341.089456	0	24000	0.4118	24000	-90.47	All Maybe Montana.wav	1
346	Spectrogram 1	1	8360.112864	8360.39603	0	24000	0.2832	24000	-78.76	All Maybe Montana.wav	1
347	Spectrogram 1	1	8379.862881	8380.173673	0	24000	0.3108	24000	-89.63	All Maybe Montana.wav	1
348	Spectrogram 1	1	8388.763625	8389.089458	0	24000	0.3258	24000	-82.4	All Maybe Montana.wav	1
349	Spectrogram 1	1	8409.905028	8410.230861	0	24000	0.3258	24000	-79.36	All Maybe Montana.wav	1
350	Spectrogram 1	1	8415.745645	8416.227978	0	24000	0.4823	24000	-72.02	All Maybe Montana.wav	1
351	Spectrogram 1	1	8420.187728	8420.513561	0	24000	0.3258	24000	-79.65	All Maybe Montana.wav	1
352	Spectrogram 1	1	8428.012346	8428.408471	0	24000	0.3961	24000	-92.94	All Maybe Montana.wav	1
353	Spectrogram 1	1	8429.823023	8430.094679	0	24000	0.2717	24000	-62.78	All Maybe Montana.wav	1
354	Spectrogram 1	1	8430.80702	8431.352479	0	24000	0.5455	24000	-76.84	All Maybe Montana.wav	1
355	Spectrogram 1	1	8438.612378	8438.902955	0	24000	0.2906	24000	-83.34	All Maybe Montana.wav	1
356	Spectrogram 1	1	8445.569727	8446.049645	0	24000	0.4799	24000	-72.35	All Maybe Montana.wav	1
357	Spectrogram 1	1	8446.15048	8446.476313	0	24000	0.3258	24000	-71.02	All Maybe Montana.wav	1
358	Spectrogram 1	1	8452.137744	8452.471	0	24000	0.3333	24000	-85.72	All Maybe Montana.wav	1
359	Spectrogram 1	1	8455.489754	8455.864546	0	24000	0.3748	24000	-78.49	All Maybe Montana.wav	1
360	Spectrogram 1	1	8458.331854	8458.657687	0	24000	0.3258	24000	-78.67	All Maybe Montana.wav	1
361	Spectrogram 1	1	8464.364445	8464.676095	0	24000	0.3117	24000	-76.66	All Maybe Montana.wav	1
362	Spectrogram 1	1	8469.612459	8469.964391	0	24000	0.3519	24000	-76	All Maybe Montana.wav	1
363	Spectrogram 1	1	8475.931912	8476.217457	0	24000	0.2855	24000	-78.41	All Maybe Montana.wav	1
364	Spectrogram 1	1	8481.087147	8481.377761	0	24000	0.2906	24000	-86.8	All Maybe Montana.wav	1
365	Spectrogram 1	1	8485.84717	8486.200629	0	24000	0.3535	24000	-81.8	All Maybe Montana.wav	1
366	Spectrogram 1	1	8486.252505	8486.585482	0	24000	0.333	24000	-72.48	All Maybe Montana.wav	1
367	Spectrogram 1	1	8490.540516	8490.913793	0	24000	0.3733	24000	-74.63	All Maybe Montana.wav	1
368	Spectrogram 1	1	8494.871195	8495.201807	0	24000	0.3306	24000	-77.19	All Maybe Montana.wav	1
369	Spectrogram 1	1	8499.159206	8499.811333	0	24000	0.6521	24000	-77.32	All Maybe Montana.wav	1
370	Spectrogram 1	1	8503.558669	8503.905983	0	24000	0.3473	24000	-79.29	All Maybe Montana.wav	1
371	Spectrogram 1	1	8507.76135	8508.108516	0	24000	0.3472	24000	-83.74	All Maybe Montana.wav	1
372	Spectrogram 1	1	8512.262698	8512.545864	0	24000	0.2832	24000	-87.98	All Maybe Montana.wav	1
373	Spectrogram 1	1	8516.204586	8516.556544	0	24000	0.352	24000	-72.06	All Maybe Montana.wav	1
374	Spectrogram 1	1	8519.212595	8519.523387	0	24000	0.3108	24000	-86.35	All Maybe Montana.wav	1
375	Spectrogram 1	1	8520.361909	8520.652558	0	24000	0.2906	24000	-87.38	All Maybe Montana.wav	1
376	Spectrogram 1	1	8524.756586	8525.068572	0	24000	0.312	24000	-84.05	All Maybe Montana.wav	1
377	Spectrogram 1	1	8529.12993	8529.401585	0	24000	0.2717	24000	-86.1	All Maybe Montana.wav	1
378	Spectrogram 1	1	8533.382768	8533.729934	0	24000	0.3472	24000	-79.39	All Maybe Montana.wav	1
379	Spectrogram 1	1	8537.38595	8537.697947	0	24000	0.312	24000	-85.43	All Maybe Montana.wav	1
380	Spectrogram 1	1	8541.185988	8541.580626	0	24000	0.3946	24000	-81.5	All Maybe Montana.wav	1
381	Spectrogram 1	1	8541.82599	8542.243449	0	24000	0.4175	24000	-77.59	All Maybe Montana.wav	1
382	Spectrogram 1	1	8544.919331	8545.313972	0	24000	0.3946	24000	-77.17	All Maybe Montana.wav	1
383	Spectrogram 1	1	8548.418008	8549.153985	0	24000	0.736	24000	-77.23	All Maybe Montana.wav	1
384	Spectrogram 1	1	8552.561497	8552.929997	0	24000	0.3685	24000	-77.33	All Maybe Montana.wav	1
385	Spectrogram 1	1	8556.436662	8556.748676	0	24000	0.312	24000	-85.57	All Maybe Montana.wav	1
386	Spectrogram 1	1	8559.532705	8559.843497	0	24000	0.3108	24000	-71.63	All Maybe Montana.wav	1
387	Spectrogram 1	1	8561.090042	8561.422996	0	24000	0.333	24000	-68.39	All Maybe Montana.wav	1
388	Spectrogram 1	1	8564.799349	8565.132704	0	24000	0.3334	24000	-85.06	All Maybe Montana.wav	1
389	Spectrogram 1	1	8570.708697	8571.020723	0	24000	0.312	24000	-83.8	All Maybe Montana.wav	1
390	Spectrogram 1	1	8575.212747	8575.52354	0	24000	0.3108	24000	-76	All Maybe Montana.wav	1
391	Spectrogram 1	1	8580.204761	8580.556755	0	24000	0.352	24000	-75.02	All Maybe Montana.wav	1
392	Spectrogram 1	1	8626.474165	8626.74582	0	24000	0.2717	24000	-75.58	All Maybe Montana.wav	1
393	Spectrogram 1	1	8633.364848	8633.698263	0	24000	0.3334	24000	-74.05	All Maybe Montana.wav	1
394	Spectrogram 1	1	8638.378194	8638.649849	0	24000	0.2717	24000	-72.4	All Maybe Montana.wav	1
395	Spectrogram 1	1	8651.818226	8652.089881	0	24000	0.2717	24000	-65.62	All Maybe Montana.wav	1
396	Spectrogram 1	1	8660.716981	8661.837022	0	24000	1.12	24000	-69.87	All Maybe Montana.wav	1
397	Spectrogram 1	1	8684.351638	8684.685098	0	24000	0.3335	24000	-78.92	All Maybe Montana.wav	1
398	Spectrogram 1	1	8689.751727	8690.254519	0	24000	0.5028	24000	-87.66	All Maybe Montana.wav	1
399	Spectrogram 1	1	8694.295739	8694.606531	0	24000	0.3108	24000	-82.21	All Maybe Montana.wav	1
400	Spectrogram 1	1	8695.87441	8696.398536	0	24000	0.5241	24000	-86.74	All Maybe Montana.wav	1
401	Spectrogram 1	1	8696.514412	8697.209205	0	24000	0.6948	24000	-88.08	All Maybe Montana.wav	1
402	Spectrogram 1	1	8710.317116	8710.627908	0	24000	0.3108	24000	-84.87	All Maybe Montana.wav	1
403	Spectrogram 1	1	8740.018115	8740.365281	0	24000	0.3472	24000	-77.35	All Maybe Montana.wav	1
404	Spectrogram 1	1	8748.84246	8749.13331	0	24000	0.2908	24000	-84.64	All Maybe Montana.wav	1
405	Spectrogram 1	1	8755.570166	8755.981332	0	24000	0.4112	24000	-71.28	All Maybe Montana.wav	1
406	Spectrogram 1	1	8760.775516	8761.16535	0	24000	0.3898	24000	-69.06	All Maybe Montana.wav	1
407	Spectrogram 1	1	8765.655934	8766.3707	0	24000	0.7148	24000	-75.36	All Maybe Montana.wav	1
408	Spectrogram 1	1	8766.999938	8767.31073	0	24000	0.3108	24000	-88.56	All Maybe Montana.wav	1
409	Spectrogram 1	1	8770.674216	8770.957514	0	24000	0.2833	24000	-86.8	All Maybe Montana.wav	1
410	Spectrogram 1	1	8775.687566	8776.014754	0	24000	0.3272	24000	-78.47	All Maybe Montana.wav	1
411	Spectrogram 1	1	8780.117203	8780.450746	0	24000	0.3335	24000	-75.86	All Maybe Montana.wav	1
412	Spectrogram 1	1	8784.455594	8784.760226	0	24000	0.3046	24000	-77.6	All Maybe Montana.wav	1
413	Spectrogram 1	1	8788.994665	8789.346776	0	24000	0.3521	24000	-75.4	All Maybe Montana.wav	1
414	Spectrogram 1	1	8793.514568	8793.805588	0	24000	0.291	24000	-84.17	All Maybe Montana.wav	1
415	Spectrogram 1	1	8797.826689	8798.157471	0	24000	0.3308	24000	-72.91	All Maybe Montana.wav	1
416	Spectrogram 1	1	8801.927652	8802.274818	0	24000	0.3472	24000	-74.89	All Maybe Montana.wav	1
417	Spectrogram 1	1	8805.788998	8806.116169	0	24000	0.3272	24000	-72.38	All Maybe Montana.wav	1
418	Spectrogram 1	1	8810.269013	8810.616179	0	24000	0.3472	24000	-74.14	All Maybe Montana.wav	1
419	Spectrogram 1	1	8814.706361	8815.032194	0	24000	0.3258	24000	-77.43	All Maybe Montana.wav	1
420	Spectrogram 1	1	8818.754746	8819.065538	0	24000	0.3108	24000	-75.69	All Maybe Montana.wav	1
421	Spectrogram 1	1	8822.749054	8823.138887	0	24000	0.3898	24000	-76.98	All Maybe Montana.wav	1
422	Spectrogram 1	1	8826.845067	8827.213567	0	24000	0.3685	24000	-76.74	All Maybe Montana.wav	1
423	Spectrogram 1	1	8830.706413	8831.074913	0	24000	0.3685	24000	-77.49	All Maybe Montana.wav	1
424	Spectrogram 1	1	8834.354425	8834.639655	0	24000	0.2852	24000	-72.78	All Maybe Montana.wav	1
425	Spectrogram 1	1	8836.760128	8837.241587	0	24000	0.4815	24000	-86.26	All Maybe Montana.wav	1
426	Spectrogram 1	1	8837.959771	8838.285603	0	24000	0.3258	24000	-84.9	All Maybe Montana.wav	1
427	Spectrogram 1	1	8841.645475	8842.168283	0	24000	0.5228	24000	-71.78	All Maybe Montana.wav	1
428	Spectrogram 1	1	8845.39736	8845.709756	0	24000	0.3124	24000	-81	All Maybe Montana.wav	1
429	Spectrogram 1	1	8848.733139	8849.058972	0	24000	0.3258	24000	-73.9	All Maybe Montana.wav	1
430	Spectrogram 1	1	8852.615819	8852.9437	0	24000	0.3279	24000	-72.96	All Maybe Montana.wav	1
431	Spectrogram 1	1	8857.216055	8857.571	0	24000	0.3549	24000	-74.59	All Maybe Montana.wav	1
432	Spectrogram 1	1	8861.106513	8861.45368	0	24000	0.3472	24000	-75.45	All Maybe Montana.wav	1
433	Spectrogram 1	1	8865.301408	8865.635027	0	24000	0.3336	24000	-76.45	All Maybe Montana.wav	1
434	Spectrogram 1	1	8870.087876	8870.456376	0	24000	0.3685	24000	-79.18	All Maybe Montana.wav	1
435	Spectrogram 1	1	8874.31189	8874.936391	0	24000	0.6245	24000	-69.85	All Maybe Montana.wav	1
436	Spectrogram 1	1	8878.592107	8878.883197	0	24000	0.2911	24000	-84.49	All Maybe Montana.wav	1
437	Spectrogram 1	1	8882.200252	8882.595083	0	24000	0.3948	24000	-74.3	All Maybe Montana.wav	1
438	Spectrogram 1	1	8883.501589	8884.005108	0	24000	0.5035	24000	-59.76	All Maybe Montana.wav	1
439	Spectrogram 1	1	8884.632259	8884.943777	0	24000	0.3115	24000	-69.81	All Maybe Montana.wav	1
440	Spectrogram 1	1	8886.744265	8888.164393	0	24000	1.4201	24000	-83.25	All Maybe Montana.wav	1
441	Spectrogram 1	1	8888.984271	8889.699106	0	24000	0.7148	24000	-88	All Maybe Montana.wav	1
442	Spectrogram 1	1	8891.266944	8891.640572	0	24000	0.3736	24000	-79.91	All Maybe Montana.wav	1
443	Spectrogram 1	1	8896.199962	8896.485138	0	24000	0.2852	24000	-83.81	All Maybe Montana.wav	1
444	Spectrogram 1	1	8905.415993	8905.699159	0	24000	0.2832	24000	-90.18	All Maybe Montana.wav	1
445	Spectrogram 1	1	8946.861762	8947.192629	0	24000	0.3309	24000	-79.49	All Maybe Montana.wav	1
446	Spectrogram 1	1	8951.509616	8951.994606	0	24000	0.485	24000	-69.64	All Maybe Montana.wav	1
447	Spectrogram 1	1	8958.531127	8959.055253	0	24000	0.5241	24000	-69.26	All Maybe Montana.wav	1
448	Spectrogram 1	1	8962.243138	8962.55393	0	24000	0.3108	24000	-73.29	All Maybe Montana.wav	1
449	Spectrogram 1	1	8978.866408	8979.128855	0	24000	0.2624	24000	-62.83	All Maybe Montana.wav	1
450	Spectrogram 1	1	8979.413684	8979.685339	0	24000	0.2717	24000	-64.9	All Maybe Montana.wav	1
451	Spectrogram 1	1	8991.48838	8991.844676	0	24000	0.3563	24000	-85.33	All Maybe Montana.wav	1
452	Spectrogram 1	1	9010.247843	9010.574171	0	24000	0.3263	24000	-85.99	All Maybe Montana.wav	1
453	Spectrogram 1	1	9055.744535	9056.01619	0	24000	0.2717	24000	-85.39	All Maybe Montana.wav	1
454	Spectrogram 1	1	9066.094088	9066.618882	0	24000	0.5248	24000	-68.37	All Maybe Montana.wav	1
455	Spectrogram 1	1	9070.894101	9071.204893	0	24000	0.3108	24000	-65.4	All Maybe Montana.wav	1
456	Spectrogram 1	1	9074.76055	9075.2785	0	24000	0.5179	24000	-67.31	All Maybe Montana.wav	1
457	Spectrogram 1	1	9078.403455	9078.948914	0	24000	0.5455	24000	-68.68	All Maybe Montana.wav	1
458	Spectrogram 1	1	9081.859464	9082.404924	0	24000	0.5455	24000	-67.63	All Maybe Montana.wav	1
459	Spectrogram 1	1	9096.115287	9096.44112	0	24000	0.3258	24000	-63.76	All Maybe Montana.wav	1
460	Spectrogram 1	1	9102.019519	9102.372978	0	24000	0.3535	24000	-66.77	All Maybe Montana.wav	1
461	Spectrogram 1	1	9210.347575	9210.894831	0	24000	0.5473	24000	-73.34	All Maybe Montana.wav	1
462	Spectrogram 1	1	9220.761177	9221.285303	0	24000	0.5241	24000	-77.93	All Maybe Montana.wav	1
463	Spectrogram 1	1	9243.115654	9243.684272	0	24000	0.5686	24000	-69.15	All Maybe Montana.wav	1
464	Spectrogram 1	1	9247.518453	9247.801619	0	24000	0.2832	24000	-62.37	All Maybe Montana.wav	1
465	Spectrogram 1	1	9247.945121	9248.313727	0	24000	0.3686	24000	-61.97	All Maybe Montana.wav	1
466	Spectrogram 1	1	9248.387919	9248.740288	0	24000	0.3524	24000	-65.57	All Maybe Montana.wav	1
467	Spectrogram 1	1	9251.267927	9252.388407	0	24000	1.1205	24000	-62.99	All Maybe Montana.wav	1
468	Spectrogram 1	1	9252.509961	9253.028303	0	24000	0.5183	24000	-66.92	All Maybe Montana.wav	1
469	Spectrogram 1	1	9254.536634	9254.926976	0	24000	0.3903	24000	-68.5	All Maybe Montana.wav	1
470	Spectrogram 1	1	9255.389971	9256.272065	0	24000	0.8821	24000	-64.21	All Maybe Montana.wav	1
471	Spectrogram 1	1	9256.83302	9257.337756	0	24000	0.5047	24000	-70.14	All Maybe Montana.wav	1
472	Spectrogram 1	1	9257.501977	9257.977758	0	24000	0.4758	24000	-68.64	All Maybe Montana.wav	1
473	Spectrogram 1	1	9258.329279	9258.852427	0	24000	0.5231	24000	-83.45	All Maybe Montana.wav	1
474	Spectrogram 1	1	9260.334618	9260.794744	0	24000	0.4601	24000	-69.7	All Maybe Montana.wav	1
475	Spectrogram 1	1	9267.289304	9267.600096	0	24000	0.3108	24000	-75.09	All Maybe Montana.wav	1
476	Spectrogram 1	1	9267.779972	9268.282764	0	24000	0.5028	24000	-79.18	All Maybe Montana.wav	1
477	Spectrogram 1	1	9281.774677	9282.085469	0	24000	0.3108	24000	-67.96	All Maybe Montana.wav	1
478	Spectrogram 1	1	9289.15603	9289.466822	0	24000	0.3108	24000	-90.61	All Maybe Montana.wav	1
479	Spectrogram 1	1	9289.582698	9290.02149	0	24000	0.4388	24000	-77.4	All Maybe Montana.wav	1
480	Spectrogram 1	1	9293.294708	9293.6055	0	24000	0.3108	24000	-83.48	All Maybe Montana.wav	1
481	Spectrogram 1	1	9294.12671	9294.992171	0	24000	0.8655	24000	-78.58	All Maybe Montana.wav	1
482	Spectrogram 1	1	9303.753304	9304.377908	0	24000	0.6246	24000	-93.77	All Maybe Montana.wav	1
483	Spectrogram 1	1	9361.561561	9361.977995	0	24000	0.4164	24000	-55.4	All Maybe Montana.wav	1
484	Spectrogram 1	1	9365.230905	9365.904938	0	24000	0.674	24000	-84.24	All Maybe Montana.wav	1
485	Spectrogram 1	1	9373.598353	9373.8608	0	24000	0.2624	24000	-93.15	All Maybe Montana.wav	1
486	Spectrogram 1	1	9390.894975	9391.268758	0	24000	0.3738	24000	-89.92	All Maybe Montana.wav	1
487	Spectrogram 1	1	9405.897125	9406.224474	0	24000	0.3273	24000	-93.25	All Maybe Montana.wav	1
488	Spectrogram 1	1	9412.553146	9413.007593	0	24000	0.4544	24000	-94.14	All Maybe Montana.wav	1
489	Spectrogram 1	1	9458.628493	9459.151648	0	24000	0.5232	24000	-53.69	All Maybe Montana.wav	1
490	Spectrogram 1	1	9460.015163	9460.5185	0	24000	0.5033	24000	-89.15	All Maybe Montana.wav	1
491	Spectrogram 1	1	9472.004529	9472.699323	0	24000	0.6948	24000	-87.34	All Maybe Montana.wav	1
492	Spectrogram 1	1	9474.457869	9474.768662	0	24000	0.3108	24000	-61.95	All Maybe Montana.wav	1
493	Spectrogram 1	1	9474.820537	9475.365997	0	24000	0.5455	24000	-55.55	All Maybe Montana.wav	1
494	Spectrogram 1	1	9476.03654	9476.347333	0	24000	0.3108	24000	-59.27	All Maybe Montana.wav	1
495	Spectrogram 1	1	9476.740542	9479.398546	0	24000	2.658	24000	-55.11	All Maybe Montana.wav	1
496	Spectrogram 1	1	9481.433889	9482.74735	0	24000	1.3135	24000	-57.15	All Maybe Montana.wav	1
497	Spectrogram 1	1	9483.14056	9484.155354	0	24000	1.0148	24000	-61.39	All Maybe Montana.wav	1
498	Spectrogram 1	1	9484.505897	9484.816689	0	24000	0.3108	24000	-64.83	All Maybe Montana.wav	1
499	Spectrogram 1	1	9485.7219	9486.224693	0	24000	0.5028	24000	-58.83	All Maybe Montana.wav	1
500	Spectrogram 1	1	9486.319235	9486.630027	0	24000	0.3108	24000	-54.97	All Maybe Montana.wav	1
501	Spectrogram 1	1	9487.727239	9488.272698	0	24000	0.5455	24000	-63.38	All Maybe Montana.wav	1
502	Spectrogram 1	1	9489.647244	9490.426418	0	24000	0.7792	24000	-63.49	All Maybe Montana.wav	1
503	Spectrogram 1	1	9490.521913	9491.06642	0	24000	0.5445	24000	-65.6	All Maybe Montana.wav	1
504	Spectrogram 1	1	9491.444589	9492.262577	0	24000	0.818	24000	-64.24	All Maybe Montana.wav	1
505	Spectrogram 1	1	9493.188587	9493.88338	0	24000	0.6948	24000	-63.64	All Maybe Montana.wav	1
506	Spectrogram 1	1	9494.068598	9494.501191	0	24000	0.4326	24000	-62.79	All Maybe Montana.wav	1
507	Spectrogram 1	1	9496.9616	9497.253107	0	24000	0.2915	24000	-61.15	All Maybe Montana.wav	1
508	Spectrogram 1	1	9497.305932	9498.683926	0	24000	1.378	24000	-60.01	All Maybe Montana.wav	1
509	Spectrogram 1	1	9498.718758	9499.003926	0	24000	0.2852	24000	-59.28	All Maybe Montana.wav	1
510	Spectrogram 1	1	9499.417938	9500.070596	0	24000	0.6527	24000	-60.63	All Maybe Montana.wav	1
511	Spectrogram 1	1	9501.273943	9502.438601	0	24000	1.1647	24000	-60.14	All Maybe Montana.wav	1
512	Spectrogram 1	1	9502.468613	9503.397127	0	24000	0.9285	24000	-60.97	All Maybe Montana.wav	1
513	Spectrogram 1	1	9508.80463	9509.222089	0	24000	0.4175	24000	-58.59	All Maybe Montana.wav	1
514	Spectrogram 1	1	9509.641982	9510.223908	0	24000	0.5819	24000	-58.33	All Maybe Montana.wav	1
515	Spectrogram 1	1	9510.809969	9511.782096	0	24000	0.9721	24000	-62.79	All Maybe Montana.wav	1
516	Spectrogram 1	1	9512.21497	9512.486626	0	24000	0.2717	24000	-61.96	All Maybe Montana.wav	1
517	Spectrogram 1	1	9515.396648	9515.70744	0	24000	0.3108	24000	-60.59	All Maybe Montana.wav	1
518	Spectrogram 1	1	9515.737982	9516.091441	0	24000	0.3535	24000	-63.14	All Maybe Montana.wav	1
519	Spectrogram 1	1	9516.676651	9516.987443	0	24000	0.3108	24000	-60.6	All Maybe Montana.wav	1
520	Spectrogram 1	1	9517.526983	9517.840779	0	24000	0.3138	24000	-63.45	All Maybe Montana.wav	1
521	Spectrogram 1	1	9518.767324	9519.163449	0	24000	0.3961	24000	-65.64	All Maybe Montana.wav	1
522	Spectrogram 1	1	9522.799335	9523.515461	0	24000	0.7161	24000	-57.66	All Maybe Montana.wav	1
523	Spectrogram 1	1	9523.679362	9523.963987	0	24000	0.2846	24000	-56.37	All Maybe Montana.wav	1
524	Spectrogram 1	1	9525.124675	9525.839959	0	24000	0.7153	24000	-54.32	All Maybe Montana.wav	1
525	Spectrogram 1	1	9526.084677	9526.799871	0	24000	0.7152	24000	-57.78	All Maybe Montana.wav	1
526	Spectrogram 1	1	9526.874013	9527.547995	0	24000	0.674	24000	-59.09	All Maybe Montana.wav	1
527	Spectrogram 1	1	9528.30335	9528.827476	0	24000	0.5241	24000	-58.05	All Maybe Montana.wav	1
528	Spectrogram 1	1	9528.836685	9529.167879	0	24000	0.3312	24000	-56.66	All Maybe Montana.wav	1
529	Spectrogram 1	1	9529.924688	9530.511974	0	24000	0.5873	24000	-61.01	All Maybe Montana.wav	1
530	Spectrogram 1	1	9530.647015	9531.238149	0	24000	0.5911	24000	-58.43	All Maybe Montana.wav	1
531	Spectrogram 1	1	9531.95136	9532.604008	0	24000	0.6526	24000	-59.04	All Maybe Montana.wav	1
532	Spectrogram 1	1	9533.316697	9533.670156	0	24000	0.3535	24000	-59.71	All Maybe Montana.wav	1
533	Spectrogram 1	1	9534.618034	9534.928826	0	24000	0.3108	24000	-54.02	All Maybe Montana.wav	1
534	Spectrogram 1	1	9535.002035	9535.782161	0	24000	0.7801	24000	-59.56	All Maybe Montana.wav	1
535	Spectrogram 1	1	9535.85537	9536.166163	0	24000	0.3108	24000	-73.86	All Maybe Montana.wav	1
536	Spectrogram 1	1	9540.719384	9541.457362	0	24000	0.738	24000	-61.35	All Maybe Montana.wav	1
537	Spectrogram 1	1	9541.514087	9543.334182	0	24000	1.8201	24000	-66.29	All Maybe Montana.wav	1
538	Spectrogram 1	1	9570.394131	9571.749352	0	24000	1.3552	24000	-62.92	All Maybe Montana.wav	1
539	Spectrogram 1	1	9572.036803	9572.667596	0	24000	0.6308	24000	-57	All Maybe Montana.wav	1
540	Spectrogram 1	1	9574.148808	9574.480028	0	24000	0.3312	24000	-78.02	All Maybe Montana.wav	1
541	Spectrogram 1	1	9585.055038	9585.33873	0	24000	0.2837	24000	-78.71	All Maybe Montana.wav	1
542	Spectrogram 1	1	9586.948843	9587.515636	0	24000	0.5668	24000	-69.62	All Maybe Montana.wav	1
543	Spectrogram 1	1	9587.844846	9588.156142	0	24000	0.3113	24000	-73.39	All Maybe Montana.wav	1
544	Spectrogram 1	1	9590.788854	9591.163646	0	24000	0.3748	24000	-84.24	All Maybe Montana.wav	1
545	Spectrogram 1	1	9595.695534	9596.006326	0	24000	0.3108	24000	-87.49	All Maybe Montana.wav	1
546	Spectrogram 1	1	9600.367547	9602.406343	0	24000	2.0388	24000	-85.61	All Maybe Montana.wav	1
547	Spectrogram 1	1	9602.522219	9602.897011	0	24000	0.3748	24000	-86.6	All Maybe Montana.wav	1
548	Spectrogram 1	1	9603.119554	9603.644179	0	24000	0.5246	24000	-78.68	All Maybe Montana.wav	1
549	Spectrogram 1	1	9604.292891	9604.83835	0	24000	0.5455	24000	-80.36	All Maybe Montana.wav	1
550	Spectrogram 1	1	9604.890226	9606.694853	0	24000	1.8046	24000	-82.85	All Maybe Montana.wav	1
551	Spectrogram 1	1	9612.033878	9612.859705	0	24000	0.8258	24000	-78.03	All Maybe Montana.wav	1
552	Spectrogram 1	1	9613.940993	9614.224159	0	24000	0.2832	24000	-63.35	All Maybe Montana.wav	1
553	Spectrogram 1	1	9614.255585	9614.566377	0	24000	0.3108	24000	-86.29	All Maybe Montana.wav	1
554	Spectrogram 1	1	9619.354265	9619.665057	0	24000	0.3108	24000	-70.6	All Maybe Montana.wav	1
555	Spectrogram 1	1	9620.548935	9620.859727	0	24000	0.3108	24000	-83.38	All Maybe Montana.wav	1
556	Spectrogram 1	1	9628.335623	9628.795749	0	24000	0.4601	24000	-84.57	All Maybe Montana.wav	1
557	Spectrogram 1	1	9642.03166	9642.426918	0	24000	0.3953	24000	-62.51	All Maybe Montana.wav	1
558	Spectrogram 1	1	9642.527753	9643.110455	0	24000	0.5827	24000	-64.2	All Maybe Montana.wav	1
559	Spectrogram 1	1	9648.437106	9649.382956	0	24000	0.9459	24000	-64.67	All Maybe Montana.wav	1
560	Spectrogram 1	1	9649.545914	9650.044291	0	24000	0.4984	24000	-69.76	All Maybe Montana.wav	1
561	Spectrogram 1	1	9667.269063	9668.284335	0	24000	1.0153	24000	-71.76	All Maybe Montana.wav	1
562	Spectrogram 1	1	9668.357066	9668.817191	0	24000	0.4601	24000	-82.15	All Maybe Montana.wav	1
563	Spectrogram 1	1	9676.890422	9677.201214	0	24000	0.3108	24000	-64.98	All Maybe Montana.wav	1
564	Spectrogram 1	1	9688.773121	9689.873249	0	24000	1.1001	24000	-78.15	All Maybe Montana.wav	1
565	Spectrogram 1	1	9689.946458	9690.32125	0	24000	0.3748	24000	-84.1	All Maybe Montana.wav	1
566	Spectrogram 1	1	9725.786556	9726.097348	0	24000	0.3108	24000	-89.29	All Maybe Montana.wav	1
567	Spectrogram 1	1	9770.714678	9771.02547	0	24000	0.3108	24000	-90.81	All Maybe Montana.wav	1
568	Spectrogram 1	1	9783.575626	9783.952718	0	24000	0.3771	24000	-89.4	All Maybe Montana.wav	1
569	Spectrogram 1	1	9790.085398	9790.502857	0	24000	0.4175	24000	-57.24	All Maybe Montana.wav	1
570	Spectrogram 1	1	9795.354746	9796.070872	0	24000	0.7161	24000	-79.63	All Maybe Montana.wav	1
571	Spectrogram 1	1	9796.720083	9797.094875	0	24000	0.3748	24000	-64.82	All Maybe Montana.wav	1
572	Spectrogram 1	1	9802.925006	9803.196661	0	24000	0.2717	24000	-89.05	All Maybe Montana.wav	1
573	Spectrogram 1	1	9833.776184	9834.086976	0	24000	0.3108	24000	-88.65	All Maybe Montana.wav	1
574	Spectrogram 1	1	9837.061526	9837.372318	0	24000	0.3108	24000	-84.54	All Maybe Montana.wav	1
575	Spectrogram 1	1	9840.688203	9840.998995	0	24000	0.3108	24000	-59.12	All Maybe Montana.wav	1
576	Spectrogram 1	1	9845.89355	9846.204342	0	24000	0.3108	24000	-88.28	All Maybe Montana.wav	1
577	Spectrogram 1	1	9857.823921	9858.321035	0	24000	0.4971	24000	-62.6	All Maybe Montana.wav	1
578	Spectrogram 1	1	9858.699132	9859.622373	0	24000	0.9232	24000	-66.04	All Maybe Montana.wav	1
579	Spectrogram 1	1	9859.866922	9860.177714	0	24000	0.3108	24000	-86.65	All Maybe Montana.wav	1
580	Spectrogram 1	1	9860.570924	9861.03105	0	24000	0.4601	24000	-83.54	All Maybe Montana.wav	1
581	Spectrogram 1	1	9861.424259	9861.92747	0	24000	0.5032	24000	-75.49	All Maybe Montana.wav	1
582	Spectrogram 1	1	9862.530483	9862.844388	0	24000	0.3139	24000	-67.01	All Maybe Montana.wav	1
583	Spectrogram 1	1	9869.338948	9869.71374	0	24000	0.3748	24000	-90.21	All Maybe Montana.wav	1
584	Spectrogram 1	1	9871.088286	9871.761007	0	24000	0.6727	24000	-91.29	All Maybe Montana.wav	1
585	Spectrogram 1	1	9875.914647	9876.241093	0	24000	0.3264	24000	-74.73	All Maybe Montana.wav	1
586	Spectrogram 1	1	9880.090977	9880.401769	0	24000	0.3108	24000	-80.37	All Maybe Montana.wav	1
587	Spectrogram 1	1	9887.941665	9888.315799	0	24000	0.3741	24000	-74.26	All Maybe Montana.wav	1
588	Spectrogram 1	1	9896.458713	9896.72116	0	24000	0.2624	24000	-54.94	All Maybe Montana.wav	1
589	Spectrogram 1	1	9898.848597	9899.131764	0	24000	0.2832	24000	-55.49	All Maybe Montana.wav	1
590	Spectrogram 1	1	9899.248363	9899.559155	0	24000	0.3108	24000	-54.27	All Maybe Montana.wav	1
591	Spectrogram 1	1	9899.787267	9900.155837	0	24000	0.3686	24000	-45.21	All Maybe Montana.wav	1
592	Spectrogram 1	1	9902.197942	9902.545108	0	24000	0.3472	24000	-60.83	All Maybe Montana.wav	1
593	Spectrogram 1	1	9908.208387	9908.582461	0	24000	0.3741	24000	-88.06	All Maybe Montana.wav	1
594	Spectrogram 1	1	9918.171081	9918.844541	0	24000	0.6735	24000	-81.01	All Maybe Montana.wav	1
595	Spectrogram 1	1	9926.299103	9926.609895	0	24000	0.3108	24000	-80.76	All Maybe Montana.wav	1
596	Spectrogram 1	1	9928.005775	9928.316567	0	24000	0.3108	24000	-87.07	All Maybe Montana.wav	1
597	Spectrogram 1	1	9932.229786	9932.540578	0	24000	0.3108	24000	-81.49	All Maybe Montana.wav	1
598	Spectrogram 1	1	9935.365795	9935.911254	0	24000	0.5455	24000	-87.68	All Maybe Montana.wav	1
599	Spectrogram 1	1	9935.941796	9936.337922	0	24000	0.3961	24000	-78.95	All Maybe Montana.wav	1
600	Spectrogram 1	1	9938.821804	9939.366563	0	24000	0.5448	24000	-83.14	All Maybe Montana.wav	1
601	Spectrogram 1	1	9942.768482	9943.079274	0	24000	0.3108	24000	-73.91	All Maybe Montana.wav	1
602	Spectrogram 1	1	9972.741897	9973.329341	0	24000	0.5874	24000	-56.93	All Maybe Montana.wav	1
603	Spectrogram 1	1	9984.15211	9985.0851	0	24000	0.933	24000	-64.58	All Maybe Montana.wav	1
604	Spectrogram 1	1	9985.200597	9985.511389	0	24000	0.3108	24000	-67.43	All Maybe Montana.wav	1
605	Spectrogram 1	1	9986.395267	9986.940727	0	24000	0.5455	24000	-72.93	All Maybe Montana.wav	1
606	Spectrogram 1	1	9987.099269	9987.730062	0	24000	0.6308	24000	-76.25	All Maybe Montana.wav	1
607	Spectrogram 1	1	9988.080605	9988.604731	0	24000	0.5241	24000	-74.78	All Maybe Montana.wav	1
608	Spectrogram 1	1	9988.997941	9990.247402	0	24000	1.2495	24000	-71.23	All Maybe Montana.wav	1
609	Spectrogram 1	1	10010.63	10011.19716	0	24000	0.5672	24000	-82.38	All Maybe Montana.wav	1
610	Spectrogram 1	1	10012.358	10012.6688	0	24000	0.3108	24000	-79.72	All Maybe Montana.wav	1
611	Spectrogram 1	1	10013.70201	10014.1408	0	24000	0.4388	24000	-76.14	All Maybe Montana.wav	1
612	Spectrogram 1	1	10014.87535	10015.65481	0	24000	0.7795	24000	-78.11	All Maybe Montana.wav	1
613	Spectrogram 1	1	10016.41135	10016.89281	0	24000	0.4815	24000	-85.56	All Maybe Montana.wav	1
614	Spectrogram 1	1	10017.69135	10018.27948	0	24000	0.5881	24000	-75.29	All Maybe Montana.wav	1
615	Spectrogram 1	1	10020.14469	10020.58349	0	24000	0.4388	24000	-88.25	All Maybe Montana.wav	1
616	Spectrogram 1	1	10021.85136	10022.43949	0	24000	0.5881	24000	-62.35	All Maybe Montana.wav	1
617	Spectrogram 1	1	10023.2807	10023.93217	0	24000	0.6515	24000	-74.18	All Maybe Montana.wav	1
618	Spectrogram 1	1	10026.88604	10027.4315	0	24000	0.5455	24000	-83.41	All Maybe Montana.wav	1
619	Spectrogram 1	1	10035.01407	10035.53819	0	24000	0.5241	24000	-71.96	All Maybe Montana.wav	1
620	Spectrogram 1	1	10036.6354	10037.18022	0	24000	0.5448	24000	-63.57	All Maybe Montana.wav	1
621	Spectrogram 1	1	10037.91224	10039.2719	0	24000	1.3597	24000	-54.08	All Maybe Montana.wav	1
622	Spectrogram 1	1	10039.60075	10039.97554	0	24000	0.3748	24000	-63.63	All Maybe Montana.wav	1
623	Spectrogram 1	1	10045.29676	10045.71364	0	24000	0.4169	24000	-83.28	All Maybe Montana.wav	1
624	Spectrogram 1	1	10049.58477	10049.9809	0	24000	0.3961	24000	-82.75	All Maybe Montana.wav	1
625	Spectrogram 1	1	10051.30961	10051.87893	0	24000	0.5693	24000	-64.8	All Maybe Montana.wav	1
626	Spectrogram 1	1	10052.03811	10052.69024	0	24000	0.6521	24000	-67.5	All Maybe Montana.wav	1
627	Spectrogram 1	1	10052.7691	10053.05326	0	24000	0.2842	24000	-67	All Maybe Montana.wav	1
628	Spectrogram 1	1	10053.89412	10054.20491	0	24000	0.3108	24000	-63.19	All Maybe Montana.wav	1
629	Spectrogram 1	1	10055.77146	10056.33825	0	24000	0.5668	24000	-73.29	All Maybe Montana.wav	1
630	Spectrogram 1	1	10060.8488	10062.1196	0	24000	1.2708	24000	-69.38	All Maybe Montana.wav	1
631	Spectrogram 1	1	10063.68615	10064.08227	0	24000	0.3961	24000	-77.49	All Maybe Montana.wav	1
632	Spectrogram 1	1	10067.91016	10068.26362	0	24000	0.3535	24000	-75.9	All Maybe Montana.wav	1
633	Spectrogram 1	1	10073.1795	10073.59696	0	24000	0.4175	24000	-84.39	All Maybe Montana.wav	1
634	Spectrogram 1	1	10107.8036	10108.15706	0	24000	0.3535	24000	-90.59	All Maybe Montana.wav	1
635	Spectrogram 1	1	10126.89698	10128.35978	0	24000	1.4628	24000	-79.14	All Maybe Montana.wav	1
636	Spectrogram 1	1	10161.48413	10161.7673	0	24000	0.2832	24000	-80.37	All Maybe Montana.wav	1
637	Spectrogram 1	1	10162.87024	10164.26336	0	24000	1.3931	24000	-85.6	All Maybe Montana.wav	1
638	Spectrogram 1	1	10165.11025	10165.8207	0	24000	0.7105	24000	-83.18	All Maybe Montana.wav	1
639	Spectrogram 1	1	10179.70286	10180.07192	0	24000	0.3691	24000	-65.8	All Maybe Montana.wav	1
640	Spectrogram 1	1	10181.66553	10182.01275	0	24000	0.3472	24000	-59.74	All Maybe Montana.wav	1
641	Spectrogram 1	1	10182.5558	10185.98159	0	24000	3.4258	24000	-76.82	All Maybe Montana.wav	1
642	Spectrogram 1	1	10186.29488	10186.57804	0	24000	0.2832	24000	-82.93	All Maybe Montana.wav	1
643	Spectrogram 1	1	10186.58781	10187.13327	0	24000	0.5455	24000	-80.72	All Maybe Montana.wav	1
644	Spectrogram 1	1	10188.57699	10191.42073	0	24000	2.8437	24000	-70.65	All Maybe Montana.wav	1
645	Spectrogram 1	1	10191.45756	10194.36529	0	24000	2.9077	24000	-70.28	All Maybe Montana.wav	1
646	Spectrogram 1	1	10196.44958	10196.73274	0	24000	0.2832	24000	-70.77	All Maybe Montana.wav	1
647	Spectrogram 1	1	10197.32425	10197.69275	0	24000	0.3685	24000	-76.23	All Maybe Montana.wav	1
648	Spectrogram 1	1	10199.30825	10199.89009	0	24000	0.5818	24000	-74.56	All Maybe Montana.wav	1
649	Spectrogram 1	1	10200.07626	10218.23766	0	24000	18.1614	24000	-55.58	All Maybe Montana.wav	1
650	Spectrogram 1	1	10218.31057	10225.19235	0	24000	6.8818	24000	-65.4	All Maybe Montana.wav	1
651	Spectrogram 1	1	10225.30792	10226.89818	0	24000	1.5903	24000	-60.02	All Maybe Montana.wav	1
652	Spectrogram 1	1	10227.2247	10243.43209	0	24000	16.2074	24000	-68.19	All Maybe Montana.wav	1
653	Spectrogram 1	1	10246.42798	10246.73877	0	24000	0.3108	24000	-85.32	All Maybe Montana.wav	1
654	Spectrogram 1	1	10259.35601	10260.13614	0	24000	0.7801	24000	-81.38	All Maybe Montana.wav	1
655	Spectrogram 1	1	10279.13207	10279.52819	0	24000	0.3961	24000	-76.53	All Maybe Montana.wav	1
656	Spectrogram 1	1	10289.77743	10290.15222	0	24000	0.3748	24000	-76.8	All Maybe Montana.wav	1
657	Spectrogram 1	1	10313.07349	10313.85362	0	24000	0.7801	24000	-87.11	All Maybe Montana.wav	1
658	Spectrogram 1	1	10316.67884	10317.09629	0	24000	0.4174	24000	-86.14	All Maybe Montana.wav	1
659	Spectrogram 1	1	10328.58287	10331.58119	0	24000	2.9983	24000	-62.96	All Maybe Montana.wav	1
660	Spectrogram 1	1	10332.12095	10334.16301	0	24000	2.0421	24000	-72.68	All Maybe Montana.wav	1
661	Spectrogram 1	1	10334.40688	10335.27234	0	24000	0.8655	24000	-81.82	All Maybe Montana.wav	1
662	Spectrogram 1	1	10335.36689	10337.21321	0	24000	1.8463	24000	-72.77	All Maybe Montana.wav	1
663	Spectrogram 1	1	10337.45756	10338.62169	0	24000	1.1641	24000	-76.99	All Maybe Montana.wav	1
664	Spectrogram 1	1	10339.2069	10344.1039	0	24000	4.897	24000	-63.31	All Maybe Montana.wav	1
665	Spectrogram 1	1	10347.74025	10348.13664	0	24000	0.3964	24000	-45.76	All Maybe Montana.wav	1
666	Spectrogram 1	1	10348.99892	10349.75725	0	24000	0.7583	24000	-53.65	All Maybe Montana.wav	1
667	Spectrogram 1	1	10351.41542	10352.08259	0	24000	0.6672	24000	-33.09	All Maybe Montana.wav	1
668	Spectrogram 1	1	10352.56686	10352.8293	0	24000	0.2624	24000	-46.66	All Maybe Montana.wav	1
669	Spectrogram 1	1	10353.80476	10354.08793	0	24000	0.2832	24000	-42.85	All Maybe Montana.wav	1
670	Spectrogram 1	1	10355.21277	10355.77373	0	24000	0.561	24000	-63.24	All Maybe Montana.wav	1
671	Spectrogram 1	1	10355.88961	10358.014	0	24000	2.1244	24000	-54.83	All Maybe Montana.wav	1
672	Spectrogram 1	1	10366.27897	10367.14443	0	24000	0.8655	24000	-69.43	All Maybe Montana.wav	1
673	Spectrogram 1	1	10367.43097	10367.91243	0	24000	0.4815	24000	-64.04	All Maybe Montana.wav	1
674	Spectrogram 1	1	10368.68964	10370.00265	0	24000	1.313	24000	-66.97	All Maybe Montana.wav	1
675	Spectrogram 1	1	10370.26832	10371.24044	0	24000	0.9721	24000	-70.52	All Maybe Montana.wav	1
676	Spectrogram 1	1	10371.42032	10372.37111	0	24000	0.9508	24000	-72.76	All Maybe Montana.wav	1
677	Spectrogram 1	1	10375.72966	10377.44846	0	24000	1.7188	24000	-75.99	All Maybe Montana.wav	1
678	Spectrogram 1	1	10381.27635	10381.99247	0	24000	0.7161	24000	-89.62	All Maybe Montana.wav	1
679	Spectrogram 1	1	10392.32704	10393.10717	0	24000	0.7801	24000	-89.12	All Maybe Montana.wav	1
680	Spectrogram 1	1	10393.88438	10394.28051	0	24000	0.3961	24000	-85.59	All Maybe Montana.wav	1
681	Spectrogram 1	1	10409.45776	10410.06746	0	24000	0.6097	24000	-85.51	All Maybe Montana.wav	1
682	Spectrogram 1	1	10420.6545	10421.30991	0	24000	0.6554	24000	-52.49	All Maybe Montana.wav	1
683	Spectrogram 1	1	10421.51112	10421.82191	0	24000	0.3108	24000	-65.26	All Maybe Montana.wav	1
684	Spectrogram 1	1	10431.45248	10432.12618	0	24000	0.6737	24000	-52.92	All Maybe Montana.wav	1
685	Spectrogram 1	1	10445.85252	10446.8029	0	24000	0.9504	24000	-88.11	All Maybe Montana.wav	1
686	Spectrogram 1	1	10446.91919	10447.74198	0	24000	0.8228	24000	-88.51	All Maybe Montana.wav	1
687	Spectrogram 1	1	10447.77253	10449.21358	0	24000	1.441	24000	-87.4	All Maybe Montana.wav	1
688	Spectrogram 1	1	10449.6712	10449.98199	0	24000	0.3108	24000	-91.04	All Maybe Montana.wav	1
689	Spectrogram 1	1	10452.63654	10452.99	0	24000	0.3535	24000	-90.47	All Maybe Montana.wav	1
690	Spectrogram 1	1	10453.08454	10453.73667	0	24000	0.6521	24000	-82.86	All Maybe Montana.wav	1
691	Spectrogram 1	1	10465.75658	10467.1127	0	24000	1.3561	24000	-67.13	All Maybe Montana.wav	1
692	Spectrogram 1	1	10471.94326	10472.25405	0	24000	0.3108	24000	-83.69	All Maybe Montana.wav	1
693	Spectrogram 1	1	10473.22326	10473.78966	0	24000	0.5664	24000	-79.85	All Maybe Montana.wav	1
694	Spectrogram 1	1	10482.88729	10483.96608	0	24000	1.0788	24000	-59.13	All Maybe Montana.wav	1
695	Spectrogram 1	1	10484.63663	10485.24609	0	24000	0.6095	24000	-69.9	All Maybe Montana.wav	1
696	Spectrogram 1	1	10507.41737	10508.64847	0	24000	1.2311	24000	-47.58	All Maybe Montana.wav	1
697	Spectrogram 1	1	10509.17594	10509.99244	0	24000	0.8165	24000	-55.36	All Maybe Montana.wav	1
698	Spectrogram 1	1	10510.09328	10511.25149	0	24000	1.1582	24000	-55.81	All Maybe Montana.wav	1
699	Spectrogram 1	1	10527.32474	10527.7422	0	24000	0.4175	24000	-74.15	All Maybe Montana.wav	1
700	Spectrogram 1	1	10537.1381	10537.53423	0	24000	0.3961	24000	-87.62	All Maybe Montana.wav	1
701	Spectrogram 1	1	10565.83688	10566.14199	0	24000	0.3051	24000	-74.93	All Maybe Montana.wav	1
702	Spectrogram 1	1	10650.31774	10650.6009	0	24000	0.2832	24000	-64.08	All Maybe Montana.wav	1
703	Spectrogram 1	1	10669.8318	10675.32677	0	24000	5.495	24000	-67.94	All Maybe Montana.wav	1
704	Spectrogram 1	1	10675.91182	10676.67061	0	24000	0.7588	24000	-86.77	All Maybe Montana.wav	1
705	Spectrogram 1	1	10677.95982	10678.44128	0	24000	0.4815	24000	-86.99	All Maybe Montana.wav	1
706	Spectrogram 1	1	10680.5625	10680.95862	0	24000	0.3961	24000	-75.51	All Maybe Montana.wav	1
707	Spectrogram 1	1	10688.13585	10688.44664	0	24000	0.3108	24000	-75.93	All Maybe Montana.wav	1
708	Spectrogram 1	1	10688.69052	10691.62532	0	24000	2.9348	24000	-71.63	All Maybe Montana.wav	1
709	Spectrogram 1	1	10695.49587	10700.52134	0	24000	5.0255	24000	-65.78	All Maybe Montana.wav	1
710	Spectrogram 1	1	10707.76859	10708.22243	0	24000	0.4538	24000	-77.17	All Maybe Montana.wav	1
711	Spectrogram 1	1	10708.59457	10709.6307	0	24000	1.0361	24000	-79.6	All Maybe Montana.wav	1
712	Spectrogram 1	1	10709.72524	10710.03603	0	24000	0.3108	24000	-68.97	All Maybe Montana.wav	1
713	Spectrogram 1	1	10711.19725	10711.89204	0	24000	0.6948	24000	-64.62	All Maybe Montana.wav	1
714	Spectrogram 1	1	10712.66925	10713.00111	0	24000	0.3319	24000	-54.3	All Maybe Montana.wav	1
715	Spectrogram 1	1	10720.0353	10720.4038	0	24000	0.3685	24000	-53.13	All Maybe Montana.wav	1
716	Spectrogram 1	1	10723.10128	10723.73222	0	24000	0.6309	24000	-65.7	All Maybe Montana.wav	1
717	Spectrogram 1	1	10742.024	10742.48426	0	24000	0.4603	24000	-57.74	All Maybe Montana.wav	1
718	Spectrogram 1	1	10748.89335	10750.22814	0	24000	1.3348	24000	-80.04	All Maybe Montana.wav	1
719	Spectrogram 1	1	10753.11736	10753.49215	0	24000	0.3748	24000	-91.79	All Maybe Montana.wav	1
720	Spectrogram 1	1	10766.08806	10767.16686	0	24000	1.0788	24000	-85.64	All Maybe Montana.wav	1
721	Spectrogram 1	1	10767.41073	10767.99886	0	24000	0.5881	24000	-86.42	All Maybe Montana.wav	1
722	Spectrogram 1	1	10769.22407	10769.727	0	24000	0.5029	24000	-61.42	All Maybe Montana.wav	1
723	Spectrogram 1	1	10773.91742	10777.40666	0	24000	3.4892	24000	-58.92	All Maybe Montana.wav	1
724	Spectrogram 1	1	10784.20011	10789.07625	0	24000	4.8761	24000	-70.54	All Maybe Montana.wav	1
725	Spectrogram 1	1	10797.36281	10799.29473	0	24000	1.9319	24000	-79.23	All Maybe Montana.wav	1
726	Spectrogram 1	1	10799.68815	10803.30543	0	24000	3.6173	24000	-76.35	All Maybe Montana.wav	1
727	Spectrogram 1	1	10807.02684	10811.24143	0	24000	4.2146	24000	-57.7	All Maybe Montana.wav	1
728	Spectrogram 1	1	10811.50685	10812.05231	0	24000	0.5455	24000	-63.72	All Maybe Montana.wav	1
729	Spectrogram 1	1	10812.38152	10812.69231	0	24000	0.3108	24000	-57.48	All Maybe Montana.wav	1
730	Spectrogram 1	1	10813.17086	10813.67365	0	24000	0.5028	24000	-61.82	All Maybe Montana.wav	1
731	Spectrogram 1	1	10814.5362	10814.93211	0	24000	0.3959	24000	-63.77	All Maybe Montana.wav	1
732	Spectrogram 1	1	10814.94702	10815.3588	0	24000	0.4118	24000	-67.11	All Maybe Montana.wav	1
733	Spectrogram 1	1	10819.42154	10819.73233	0	24000	0.3108	24000	-75.55	All Maybe Montana.wav	1
734	Spectrogram 1	1	10823.66689	10823.97768	0	24000	0.3108	24000	-83.81	All Maybe Montana.wav	1
735	Spectrogram 1	1	10825.05356	10826.92169	0	24000	1.8681	24000	-78.83	All Maybe Montana.wav	1
736	Spectrogram 1	1	10829.53357	10829.84447	0	24000	0.3109	24000	-80.04	All Maybe Montana.wav	1
737	Spectrogram 1	1	10835.01625	10835.45504	0	24000	0.4388	24000	-75.49	All Maybe Montana.wav	1
738	Spectrogram 1	1	10845.06428	10845.37507	0	24000	0.3108	24000	-64.97	All Maybe Montana.wav	1
739	Spectrogram 1	1	10845.59761	10846.0789	0	24000	0.4813	24000	-66.58	All Maybe Montana.wav	1
740	Spectrogram 1	1	10846.17361	10846.5269	0	24000	0.3533	24000	-65.46	All Maybe Montana.wav	1
741	Spectrogram 1	1	10847.30086	10848.21241	0	24000	0.9116	24000	-60.73	All Maybe Montana.wav	1
742	Spectrogram 1	1	10848.56295	10848.87375	0	24000	0.3108	24000	-60.93	All Maybe Montana.wav	1
743	Spectrogram 1	1	10849.2422	10849.72689	0	24000	0.4847	24000	-55.12	All Maybe Montana.wav	1
744	Spectrogram 1	1	10849.97096	10851.81759	0	24000	1.8466	24000	-60.61	All Maybe Montana.wav	1
745	Spectrogram 1	1	10852.6163	10853.09759	0	24000	0.4813	24000	-69.05	All Maybe Montana.wav	1
746	Spectrogram 1	1	10853.40563	10855.0392	0	24000	1.6336	24000	-67.07	All Maybe Montana.wav	1
747	Spectrogram 1	1	10855.13364	10855.9136	0	24000	0.78	24000	-67.56	All Maybe Montana.wav	1
748	Spectrogram 1	1	10856.58431	10857.49254	0	24000	0.9082	24000	-71.22	All Maybe Montana.wav	1
749	Spectrogram 1	1	10858.88832	10861.60978	0	24000	2.7215	24000	-69.88	All Maybe Montana.wav	1
750	Spectrogram 1	1	10861.85366	10862.93227	0	24000	1.0786	24000	-64.35	All Maybe Montana.wav	1
751	Spectrogram 1	1	10862.96299	10863.80694	0	24000	0.844	24000	-67.08	All Maybe Montana.wav	1
752	Spectrogram 1	1	10864.20033	10864.68189	0	24000	0.4816	24000	-70.3	All Maybe Montana.wav	1
753	Spectrogram 1	1	10864.883	10865.36456	0	24000	0.4816	24000	-72.63	All Maybe Montana.wav	1
754	Spectrogram 1	1	10865.43767	10866.21763	0	24000	0.78	24000	-70.17	All Maybe Montana.wav	1
755	Spectrogram 1	1	10866.97367	10867.45523	0	24000	0.4816	24000	-71.55	All Maybe Montana.wav	1
756	Spectrogram 1	1	10867.50701	10868.03097	0	24000	0.524	24000	-71.11	All Maybe Montana.wav	1
757	Spectrogram 1	1	10868.10434	10868.5858	0	24000	0.4815	24000	-72.31	All Maybe Montana.wav	1
758	Spectrogram 1	1	10868.78358	10869.99364	0	24000	1.2101	24000	-70.12	All Maybe Montana.wav	1
759	Spectrogram 1	1	10871.24035	10871.61524	0	24000	0.3749	24000	-88.63	All Maybe Montana.wav	1
760	Spectrogram 1	1	10872.58435	10872.89515	0	24000	0.3108	24000	-86.08	All Maybe Montana.wav	1
761	Spectrogram 1	1	10873.03235	10873.34315	0	24000	0.3108	24000	-89.33	All Maybe Montana.wav	1
762	Spectrogram 1	1	10878.6217	10879.01783	0	24000	0.3961	24000	-89.73	All Maybe Montana.wav	1
763	Spectrogram 1	1	10880.98971	10881.70584	0	24000	0.7161	24000	-81.72	All Maybe Montana.wav	1
764	Spectrogram 1	1	10884.16839	10884.56451	0	24000	0.3961	24000	-87.89	All Maybe Montana.wav	1
765	Spectrogram 1	1	10885.27772	10887.25252	0	24000	1.9748	24000	-84.1	All Maybe Montana.wav	1
766	Spectrogram 1	1	10888.77296	10889.66328	0	24000	0.8903	24000	-89.14	All Maybe Montana.wav	1
767	Spectrogram 1	1	10891.46441	10891.92453	0	24000	0.4601	24000	-86.71	All Maybe Montana.wav	1
768	Spectrogram 1	1	10892.31774	10892.62853	0	24000	0.3108	24000	-88.96	All Maybe Montana.wav	1
769	Spectrogram 1	1	10896.48388	10896.76705	0	24000	0.2832	24000	-81.36	All Maybe Montana.wav	1
770	Spectrogram 1	1	10899.10176	10899.49789	0	24000	0.3961	24000	-79.49	All Maybe Montana.wav	1
771	Spectrogram 1	1	10904.49911	10904.8099	0	24000	0.3108	24000	-87.49	All Maybe Montana.wav	1
772	Spectrogram 1	1	10907.65645	10908.09524	0	24000	0.4388	24000	-84.86	All Maybe Montana.wav	1
773	Spectrogram 1	1	10908.42445	10908.778	0	24000	0.3535	24000	-84.1	All Maybe Montana.wav	1
774	Spectrogram 1	1	10909.96046	10910.27125	0	24000	0.3108	24000	-83.77	All Maybe Montana.wav	1
775	Spectrogram 1	1	10917.55514	10917.92994	0	24000	0.3748	24000	-87.41	All Maybe Montana.wav	1
776	Spectrogram 1	1	10931.72607	10932.52198	0	24000	0.7959	24000	-89.98	All Maybe Montana.wav	1
777	Spectrogram 1	1	10933.00052	10933.31131	0	24000	0.3108	24000	-89.37	All Maybe Montana.wav	1
778	Spectrogram 1	1	10934.77119	10935.16732	0	24000	0.3961	24000	-90.76	All Maybe Montana.wav	1
779	Spectrogram 1	1	10935.64586	10936.12732	0	24000	0.4815	24000	-90.05	All Maybe Montana.wav	1
780	Spectrogram 1	1	10936.32853	10936.74599	0	24000	0.4175	24000	-89.03	All Maybe Montana.wav	1
781	Spectrogram 1	1	10941.96054	10942.35667	0	24000	0.3961	24000	-89.7	All Maybe Montana.wav	1
782	Spectrogram 1	1	10942.81388	10943.21	0	24000	0.3961	24000	-87.85	All Maybe Montana.wav	1
783	Spectrogram 1	1	10946.93122	10949.52469	0	24000	2.5935	24000	-84.61	All Maybe Montana.wav	1
784	Spectrogram 1	1	10952.17924	10952.49003	0	24000	0.3108	24000	-74.01	All Maybe Montana.wav	1
785	Spectrogram 1	1	10953.33124	10953.6847	0	24000	0.3535	24000	-87.58	All Maybe Montana.wav	1
786	Spectrogram 1	1	10959.66726	10960.04205	0	24000	0.3748	24000	-89.59	All Maybe Montana.wav	1
787	Spectrogram 1	1	10962.16326	10962.62346	0	24000	0.4602	24000	-88.39	All Maybe Montana.wav	1
788	Spectrogram 1	1	10967.94461	10968.25541	0	24000	0.3108	24000	-82.58	All Maybe Montana.wav	1
789	Spectrogram 1	1	10968.73395	10969.15148	0	24000	0.4175	24000	-82.09	All Maybe Montana.wav	1
790	Spectrogram 1	1	10970.58995	10971.86075	0	24000	1.2708	24000	-81.86	All Maybe Montana.wav	1
791	Spectrogram 1	1	10972.14729	10973.3753	0	24000	1.228	24000	-84.97	All Maybe Montana.wav	1
792	Spectrogram 1	1	10982.04599	10983.61545	0	24000	1.5695	24000	-85.44	All Maybe Montana.wav	1
793	Spectrogram 1	1	10985.16066	10986.34612	0	24000	1.1855	24000	-83.3	All Maybe Montana.wav	1
794	Spectrogram 1	1	10991.62468	10992.91681	0	24000	1.2921	24000	-72.01	All Maybe Montana.wav	1
795	Spectrogram 1	1	10992.99002	10994.58081	0	24000	1.5908	24000	-80.04	All Maybe Montana.wav	1
796	Spectrogram 1	1	10995.52869	10995.96748	0	24000	0.4388	24000	-78.87	All Maybe Montana.wav	1
797	Spectrogram 1	1	11010.01406	11010.36752	0	24000	0.3535	24000	-72.6	All Maybe Montana.wav	1
798	Spectrogram 1	1	11020.21142	11020.71422	0	24000	0.5028	24000	-75.18	All Maybe Montana.wav	1
799	Spectrogram 1	1	11023.48103	11023.74348	0	24000	0.2624	24000	-72.84	All Maybe Montana.wav	1
800	Spectrogram 1	1	11040.93236	11042.15427	0	24000	1.2219	24000	-72.12	All Maybe Montana.wav	1
801	Spectrogram 1	1	11042.59015	11043.49832	0	24000	0.9082	24000	-64.63	All Maybe Montana.wav	1
802	Spectrogram 1	1	11070.4054	11072.36236	0	24000	1.957	24000	-65.67	All Maybe Montana.wav	1
803	Spectrogram 1	1	11073.16713	11073.64236	0	24000	0.4752	24000	-76.14	All Maybe Montana.wav	1
804	Spectrogram 1	1	11074.48357	11076.6077	0	24000	2.1241	24000	-66.66	All Maybe Montana.wav	1
805	Spectrogram 1	1	11076.76275	11077.14104	0	24000	0.3783	24000	-65.76	All Maybe Montana.wav	1
806	Spectrogram 1	1	11078.94225	11079.74371	0	24000	0.8015	24000	-71.06	All Maybe Montana.wav	1
807	Spectrogram 1	1	11080.00892	11080.87438	0	24000	0.8655	24000	-65.51	All Maybe Montana.wav	1
808	Spectrogram 1	1	11087.53961	11088.31973	0	24000	0.7801	24000	-69.07	All Maybe Montana.wav	1
809	Spectrogram 1	1	11088.81961	11089.1304	0	24000	0.3108	24000	-66.26	All Maybe Montana.wav	1
810	Spectrogram 1	1	11092.10495	11092.79975	0	24000	0.6948	24000	-53.14	All Maybe Montana.wav	1
811	Spectrogram 1	1	11094.40896	11095.61575	0	24000	1.2068	24000	-70.54	All Maybe Montana.wav	1
812	Spectrogram 1	1	11095.75296	11097.66376	0	24000	1.9108	24000	-71.44	All Maybe Montana.wav	1
813	Spectrogram 1	1	11097.77613	11098.79443	0	24000	1.0183	24000	-75.06	All Maybe Montana.wav	1
814	Spectrogram 1	1	11099.12364	11100.3091	0	24000	1.1855	24000	-58.34	All Maybe Montana.wav	1
815	Spectrogram 1	1	11100.87922	11101.16239	0	24000	0.2832	24000	-57.2	All Maybe Montana.wav	1
816	Spectrogram 1	1	11101.25698	11109.14112	0	24000	7.8841	24000	-56.07	All Maybe Montana.wav	1
817	Spectrogram 1	1	11109.23567	11110.01579	0	24000	0.7801	24000	-60.64	All Maybe Montana.wav	1
818	Spectrogram 1	1	11110.11034	11111.10375	0	24000	0.9934	24000	-56.39	All Maybe Montana.wav	1
819	Spectrogram 1	1	11111.21967	11111.8078	0	24000	0.5881	24000	-61.35	All Maybe Montana.wav	1
820	Spectrogram 1	1	11112.62768	11113.5998	0	24000	0.9721	24000	-55.45	All Maybe Montana.wav	1
821	Spectrogram 1	1	11127.58238	11127.97851	0	24000	0.3961	24000	-76.44	All Maybe Montana.wav	1
822	Spectrogram 1	1	11134.58539	11134.84784	0	24000	0.2625	24000	-81.66	All Maybe Montana.wav	1
823	Spectrogram 1	1	11134.86272	11135.12517	0	24000	0.2625	24000	-81.54	All Maybe Montana.wav	1
824	Spectrogram 1	1	11143.58243	11144.06387	0	24000	0.4814	24000	-41.91	All Maybe Montana.wav	1
825	Spectrogram 1	1	11144.1007	11144.38386	0	24000	0.2832	24000	-47.48	All Maybe Montana.wav	1
826	Spectrogram 1	1	11144.6491	11145.17322	0	24000	0.5241	24000	-43.07	All Maybe Montana.wav	1
827	Spectrogram 1	1	11145.33804	11145.91987	0	24000	0.5818	24000	-39.81	All Maybe Montana.wav	1
828	Spectrogram 1	1	11147.64143	11148.15988	0	24000	0.5184	24000	-47.71	All Maybe Montana.wav	1
829	Spectrogram 1	1	11148.7721	11149.50388	0	24000	0.7318	24000	-45.12	All Maybe Montana.wav	1
830	Spectrogram 1	1	11150.53711	11151.31722	0	24000	0.7801	24000	-56.07	All Maybe Montana.wav	1
831	Spectrogram 1	1	11151.41806	11153.15189	0	24000	1.7338	24000	-47.66	All Maybe Montana.wav	1
832	Spectrogram 1	1	11153.20945	11154.11191	0	24000	0.9025	24000	-40.4	All Maybe Montana.wav	1
833	Spectrogram 1	1	11154.41979	11155.96792	0	24000	1.5481	24000	-54.56	All Maybe Montana.wav	1
834	Spectrogram 1	1	11156.1114	11156.6719	0	24000	0.5605	24000	-51.14	All Maybe Montana.wav	1
835	Spectrogram 1	1	11157.27846	11157.73857	0	24000	0.4601	24000	-66.87	All Maybe Montana.wav	1
836	Spectrogram 1	1	11158.15313	11158.65593	0	24000	0.5028	24000	-68.7	All Maybe Montana.wav	1
837	Spectrogram 1	1	11169.22516	11172.39463	0	24000	3.1695	24000	-50.45	All Maybe Montana.wav	1
838	Spectrogram 1	1	11172.85184	11177.87731	0	24000	5.0255	24000	-50.81	All Maybe Montana.wav	1
839	Spectrogram 1	1	11177.89281	11178.21865	0	24000	0.3258	24000	-61.83	All Maybe Montana.wav	1
840	Spectrogram 1	1	11179.46519	11180.26665	0	24000	0.8015	24000	-47.98	All Maybe Montana.wav	1
841	Spectrogram 1	1	11180.41015	11180.69332	0	24000	0.2832	24000	-57.52	All Maybe Montana.wav	1
842	Spectrogram 1	1	11183.85987	11184.256	0	24000	0.3961	24000	-65.1	All Maybe Montana.wav	1